0.000000
0.000000
0.000000
0.000000
0.000000
0.000000
0.000000
0.000000
0.000000
0.000000
0.000000
0.000000
0.000000
0.000000
0.000000
0.000000
0.000000
0.000000
0.000000
0.000000
0.000000
0.000000
0.000000
0.000000
0.000000
0.000000
0.000000
0.000000
0.000000
0.000000
0.000000
0.000000
0.000000
0.000000
0.000000
0.000000
0.000000
0.000000
0.000000
0.000000
0.000000
0.000000
0.000000
0.000000
0.000000
0.000000
0.000000
0.000000
0.000000
0.000000
0.000000
0.000000
0.000000
0.000000
0.000000
0.000000
0.000000
0.000000
0.000000
0.000000
0.000000
0.000000
0.000000
-0.015730
-0.013524
-0.012721
-0.011869
-0.010690
-0.010039
-0.011800
-0.011639
-0.012420
-0.011182
-0.010045
-0.008359
-0.006353
-0.003889
0.002840
0.008160
0.008947
0.006869
0.002994
0.002527
0.004601
0.009489
0.014086
0.020174
0.038717
0.041647
0.037005
0.025355
0.021562
0.021672
0.022472
0.022527
0.037119
0.031942
0.026132
0.102843
0.033512
0.022774
0.055994
0.044892
0.039022
0.016188
0.024458
0.017673
0.025623
0.020823
0.018504
0.026070
0.017700
0.040414
0.056191
0.042363
0.055840
0.053710
0.021723
0.018144
0.020127
0.019445
0.010775
0.001802
0.001260
0.006419
0.002841
-0.004082
-0.000347
-0.002828
-0.002667
0.018980
-0.005476
-0.001913
-0.001593
-0.001661
0.000415
0.001584
0.015155
0.017762
0.029971
0.018670
0.023098
0.037821
0.020504
0.018705
0.011858
0.010859
0.012049
0.009899
0.026055
0.034983
0.021243
0.021778
0.043779
0.060670
0.045314
0.008833
0.036680
0.026227
0.026999
-0.000984
0.015330
0.003219
0.022903
-0.011994
-0.016126
-0.028535
-0.016702
-0.018339
-0.002599
-0.031761
-0.041919
-0.040692
-0.033960
-0.033085
-0.028711
-0.025516
-0.014011
-0.012018
-0.018013
-0.030935
-0.025564
-0.042373
-0.059749
-0.040656
-0.016501
-0.046441
-0.038794
-0.050300
-0.028604
-0.024300
-0.055635
-0.059107
-0.054021
-0.053820
-0.064354
-0.072241
-0.073821
-0.064028
-0.057705
-0.055256
-0.039196
-0.042537
-0.064791
-0.091710
-0.097121
-0.061156
-0.061889
-0.120033
-0.126922
-0.126838
-0.110708
-0.153950
-0.176206
-0.208358
-0.229877
-0.237319
-0.245998
-0.220648
-0.251856
-0.233179
-0.274728
-0.274116
-0.199130
-0.239472
-0.234103
-0.246140
-0.235955
-0.317604
-0.306646
-0.341130
-0.348673
-0.400677
-0.276347
-0.302301
-0.287393
-0.233309
-0.229129
-0.195090
-0.248784
-0.276940
-0.327764
-0.390205
-0.421806
-0.381914
-0.401924
-0.444712
-0.444155
-0.379234
-0.380912
-0.307157
-0.336030
-0.285821
-0.343286
-0.400070
-0.505119
-0.544031
-0.525865
-0.524837
-0.482407
-0.442469
-0.402883
-0.383318
-0.440605
-0.487239
-0.583264
-0.565990
-0.520909
-0.400008
-0.438666
-0.440194
-0.432174
-0.373662
-0.489453
-0.517851
-0.541634
-0.592707
-0.536525
-0.515788
-0.553420
-0.628587
-0.624820
-0.615334
-0.516034
-0.561843
-0.609534
-0.628243
-0.649087
-0.464220
-0.441552
-0.539879
-0.586806
-0.700721
-0.740103
-0.755902
-0.827816
-0.764210
-0.781443
-0.642742
-0.606170
-0.461600
-0.596722
-0.609487
-0.633698
-0.729945
-0.835738
-0.893021
-0.745084
-0.859151
-0.903818
-0.800747
-0.844568
-0.795866
-0.923377
-0.746155
-0.801591
-0.821184
-0.662537
-0.814993
-0.893636
-0.862158
-0.904612
-0.979007
-0.939425
-1.026574
-1.011919
-0.977798
-0.858933
-0.850006
-0.825745
-0.828316
-0.866485
-0.914775
-0.894590
-1.028137
-1.086856
-1.086728
-0.959660
-0.846965
-0.867260
-0.889110
-0.911752
-1.088414
-1.013767
-1.086690
-1.100427
-0.979038
-0.996567
-0.943460
-0.876287
-0.951321
-1.093792
-1.064961
-1.097145
-1.087016
-1.186807
-1.171592
-1.182963
-1.157383
-1.082317
-1.079536
-1.130219
-1.245970
-1.254076
-1.351649
-1.244035
-1.206265
-1.104973
-1.076574
-1.043461
-1.115298
-1.222631
-1.041400
-1.010624
-1.245685
-1.336240
-1.388709
-1.312877
-1.232194
-1.268422
-1.241652
-1.311049
-1.283542
-1.351344
-1.259703
-1.317929
-1.220075
-1.270446
-1.309066
-1.280438
-1.275642
-1.272870
-1.172128
-1.286969
-1.388036
-1.415199
-1.447291
-1.347553
-1.320152
-1.442271
-1.507340
-1.415335
-1.398581
-1.342381
-1.278862
-1.373850
-1.531068
-1.574311
-1.494948
-1.442373
-1.434553
-1.431064
-1.470590
-1.379057
-1.511196
-1.507757
-1.498554
-1.538653
-1.391525
-1.427125
-1.543749
-1.465622
-1.578606
-1.534585
-1.551249
-1.592998
-1.575312
-1.521184
-1.510391
-1.502920
-1.491896
-1.444472
-1.485086
-1.495719
-1.555508
-1.543606
-1.498050
-1.603062
-1.547171
-1.555314
-1.699842
-1.670357
-1.606546
-1.611329
-1.574538
-1.489191
-1.594820
-1.641733
-1.595978
-1.688908
-1.627330
-1.753799
-1.654865
-1.538118
-1.593440
-1.489835
-1.641873
-1.727578
-1.755675
-1.670455
-1.551363
-1.545743
-1.562749
-1.667009
-1.763895
-1.685274
-1.788835
-1.792377
-1.810586
-1.891000
-1.797682
-1.845432
-1.801630
-1.782966
-1.740816
-1.576537
-1.627527
-1.744265
-1.814706
-1.807251
-1.783414
-1.766950
-1.810563
-1.849308
-1.681513
-1.725944
-1.731540
-1.821365
-1.767983
-1.826985
-1.899830
-1.836295
-1.824604
-1.701758
-1.720766
-1.738433
-1.749132
-1.848402
-1.889466
-2.021529
-2.024241
-2.040213
-1.879653
-1.899291
-1.775428
-1.752740
-1.739522
-1.878294
-1.984078
-2.061967
-2.070791
-1.989363
-1.859060
-1.788504
-1.773294
-1.814647
-1.797404
-1.738405
-1.790250
-1.862767
-1.901109
-1.918007
-2.018299
-2.006635
-2.045695
-2.022096
-1.981772
-1.858817
-1.926656
-1.918761
-1.981387
-1.995093
-1.988156
-1.989421
-2.032614
-2.083722
-2.088694
-2.051786
-1.994052
-1.847512
-1.889531
-1.841820
-1.962524
-2.046350
-2.166531
-2.184389
-2.256494
-2.155689
-1.990446
-2.031101
-1.955090
-1.976185
-2.047871
-2.121766
-2.137373
-2.095205
-2.031616
-2.037967
-2.069786
-2.094041
-2.154910
-2.215618
-2.199693
-2.118832
-1.949512
-1.990605
-1.931190
-2.083973
-2.268034
-2.258886
-2.333229
-2.353200
-2.310642
-2.313449
-2.209433
-2.237934
-2.184079
-2.210375
-2.295509
-2.318578
-2.419534
-2.415559
-2.354180
-2.334606
-2.221170
-2.211022
-2.193260
-2.266634
-2.303537
-2.401965
-2.444256
-2.565396
-2.428258
-2.453890
-2.358865
-2.283646
-2.289833
-2.209764
-2.373246
-2.359116
-2.429329
-2.446893
-2.447213
-2.383354
-2.411416
-2.470108
-2.516459
-2.545769
-2.596398
-2.571216
-2.499310
-2.533891
-2.540326
-2.473047
-2.496580
-2.492999
-2.447177
-2.605039
-2.500370
-2.519986
-2.499062
-2.454671
-2.417279
-2.348165
-2.438539
-2.443986
-2.575994
-2.628546
-2.631829
-2.658025
-2.577914
-2.639193
-2.487648
-2.487604
-2.473042
-2.421190
-2.489957
-2.562445
-2.681038
-2.698052
-2.704957
-2.683266
-2.549035
-2.532212
-2.524310
-2.492826
-2.563670
-2.590101
-2.706608
-2.647385
-2.605270
-2.590083
-2.577185
-2.523017
-2.492186
-2.635645
-2.660856
-2.610569
-2.848666
-2.724094
-2.705367
-2.764217
-2.782600
-2.703499
-2.653308
-2.673507
-2.734607
-2.748577
-2.841214
-2.716676
-2.645317
-2.624619
-2.709893
-2.816955
-2.795398
-2.736392
-2.834266
-2.967474
-2.828704
-2.706789
-2.679983
-2.676889
-2.713616
-2.772553
-2.785677
-2.864705
-2.993890
-2.895303
-2.882272
-2.838926
-2.683472
-2.848044
-2.803405
-2.923572
-2.971090
-3.087150
-3.115875
-2.985998
-2.893354
-2.915902
-2.886968
-2.902844
-2.906396
-2.889781
-2.915084
-2.896734
-2.945294
-2.859739
-2.965098
-2.931281
-3.062806
-2.969214
-3.029826
-2.983414
-2.913719
-3.036398
-3.026980
-3.059008
-2.926999
-3.059835
-3.127134
-3.177271
-3.191865
-3.087291
-3.076774
-2.966761
-3.020146
-3.015585
-3.076967
-3.150958
-3.238806
-3.159239
-3.120472
-3.154548
-3.101427
-3.118887
-3.154211
-3.116608
-3.259519
-3.260891
-3.238715
-3.099016
-3.153928
-3.070120
-3.106124
-3.124588
-3.269645
-3.232370
-3.199345
-3.214897
-3.219527
-3.290120
-3.226492
-3.268711
-3.334771
-3.218914
-3.222440
-3.225415
-3.207722
-3.207550
-3.265531
-3.283778
-3.352963
-3.346979
-3.357865
-3.291710
-3.191287
-3.263933
-3.381561
-3.488385
-3.505455
-3.378923
-3.287093
-3.346730
-2.927957
-3.443186
-3.431993
-3.374479
-3.540073
-3.367091
-3.130539
-3.305096
-3.294648
-3.305120
-3.393832
-3.396152
-3.508788
-3.428910
-3.252051
-3.426908
-3.545281
-3.570151
-3.405755
-3.338056
-3.370530
-3.515443
-3.561577
-3.656044
-3.508430
-3.490196
-3.524755
-3.592564
-3.610422
-3.589484
-3.615531
-3.511445
-3.435651
-3.449095
-3.628984
-3.657856
-3.646838
-3.648668
-3.613002
-3.632684
-3.578755
-3.641335
-3.718286
-3.593942
-3.677849
-3.504504
-3.616410
-3.599915
-3.621678
-3.612972
-3.685414
-3.872446
-3.841625
-3.799209
-3.765514
-3.668778
-3.699515
-3.692603
-3.822464
-3.851033
-3.905478
-3.892672
-3.828107
-3.848561
-3.851758
-3.886401
-3.797775
-3.867201
-3.787685
-3.810248
-3.740635
-3.753774
-3.865922
-3.881070
-3.867618
-3.935611
-3.927377
-3.876238
-3.896600
-3.921264
-3.913205
-3.959058
-4.015531
-3.989217
-3.979554
-3.898781
-3.854423
-3.852979
-3.856390
-3.914599
-3.946076
-4.027282
-4.082184
-3.989247
-3.948721
-3.910176
-3.804795
-3.921188
-3.983801
-4.087189
-4.196185
-4.165809
-3.950881
-4.039448
-4.044855
-3.977055
-4.000741
-4.055132
-4.101588
-4.040622
-3.984056
-3.982609
-4.176663
-4.200552
-4.164742
-4.127853
-4.066405
-4.057013
-4.207019
-4.192641
-4.330691
-4.325568
-4.192445
-4.041927
-3.893461
-4.046944
-4.136075
-4.283413
-4.281753
-4.315368
-4.181207
-4.215004
-4.141682
-4.190503
-4.299303
-4.362032
-4.284326
-4.368979
-4.277870
-4.253865
-4.228893
-4.180719
-4.306949
-4.306809
-4.437878
-4.493385
-4.470398
-4.315963
-4.314881
-4.280824
-4.358859
-4.289073
-4.337492
-4.358150
-4.406560
-4.387846
-4.463631
-4.368333
-4.391826
-4.377501
-4.250654
-4.311838
-4.369248
-4.415982
-4.543965
-4.395719
-4.545043
-4.530075
-4.419264
-4.477884
-4.511812
-4.445178
-4.401533
-4.428149
-4.357247
-4.497541
-4.637741
-4.567779
-4.545410
-4.481322
-4.421429
-4.486935
-4.432113
-4.633852
-4.667801
-4.676456
-4.519783
-4.581091
-4.517363
-4.539277
-4.621060
-4.737115
-4.676413
-4.648800
-4.527867
-4.555573
-4.559177
-4.665645
-4.612613
-4.653966
-4.601398
-4.559908
-4.687212
-4.688252
-4.623117
-4.749238
-4.698500
-4.739896
-4.713146
-4.788908
-4.678614
-4.717548
-4.700859
-4.777105
-4.792653
-4.774020
-4.811715
-4.763854
-4.789125
-4.776892
-4.763467
-4.745093
-4.844060
-4.860048
-4.922304
-4.844298
-4.758595
-4.789501
-4.788600
-4.825096
-4.871728
-4.837952
-4.850885
-4.950854
-4.828709
-4.797645
-4.912228
-4.799678
-4.834926
-4.874036
-4.998416
-5.033266
-4.971869
-4.914451
-4.907012
-4.871824
-4.917564
-4.926066
-4.987669
-4.972175
-5.086591
-5.006870
-4.907084
-4.916738
-4.969354
-5.023785
-4.981465
-4.972876
-4.971589
-5.051373
-5.013153
-5.003170
-5.045616
-5.059152
-4.986374
-4.949229
-4.949787
-5.073295
-5.133922
-5.017976
-5.111942
-5.053676
-5.097411
-5.197216
-5.219186
-5.143394
-5.126641
-5.166135
-5.137783
-5.152488
-5.097785
-5.077826
-5.122596
-5.167138
-5.200478
-5.242917
-5.227196
-5.173343
-5.118258
-5.179866
-5.228045
-5.084128
-5.145116
-5.098781
-5.121647
-5.188433
-5.180313
-5.196696
-5.271108
-5.410958
-5.357833
-5.318968
-5.221299
-5.170122
-5.244722
-5.289095
-5.353773
-5.081960
-5.334134
-5.384982
-5.273419
-5.285469
-5.191421
-5.247125
-5.255808
-5.461281
-5.526085
-5.494015
-5.393358
-5.192565
-5.224870
-5.169008
-5.320858
-5.427088
-5.333931
-5.282071
-5.358035
-5.459080
-5.448877
-5.498134
-5.410604
-5.326235
-5.449841
-5.415993
-5.402799
-5.372937
-5.443046
-5.493106
-5.367494
-5.458792
-5.517588
-5.472064
-5.521796
-5.404819
-5.426665
-5.432822
-5.537586
-5.486438
-5.486543
-5.475506
-5.471576
-5.472648
-5.541532
-5.536540
-5.600826
-5.464121
-5.662618
-5.656272
-5.616460
-5.626232
-5.486985
-5.558523
-5.539388
-5.564205
-5.684714
-5.610219
-5.603966
-5.461019
-5.554144
-5.606781
-5.623928
-5.696224
-5.656671
-5.597121
-5.531363
-5.551800
-5.682385
-5.577746
-5.737694
-5.679892
-5.533436
-5.681458
-5.707184
-5.776201
-5.871209
-5.829963
-5.795796
-5.706416
-5.670414
-5.781872
-5.756088
-5.792688
-5.747843
-5.834310
-5.855604
-5.833170
-5.756917
-5.675391
-5.750790
-5.848675
-5.781037
-5.729793
-5.810951
-5.876164
-5.856392
-5.887694
-5.774997
-5.837481
-5.944912
-6.009853
-5.791030
-5.846222
-5.840404
-5.855474
-5.793728
-5.743542
-5.822172
-5.831040
-5.790619
-5.846387
-5.924854
-5.933532
-5.847930
