0.000000
0.000000
0.000000
0.000000
0.000000
0.000000
0.000000
0.000000
0.000000
0.000000
0.000000
0.000000
0.000000
0.000000
0.000000
0.000000
0.000000
0.000000
0.000000
0.000000
0.000000
0.000000
0.000000
0.000000
0.000000
0.000000
0.000000
0.000000
0.000000
0.000000
0.000000
0.000000
0.000000
0.000000
0.000000
0.000000
0.000000
0.000000
0.000000
0.000000
0.000000
0.000000
0.000000
0.000000
0.000000
0.000000
0.000000
0.000000
0.000000
0.000000
0.000000
0.000000
0.000000
0.000000
0.000000
0.000000
0.000000
0.000000
0.000000
0.000000
0.000000
0.000000
0.000000
0.183782
0.098422
0.190796
0.159405
0.101527
0.192115
0.245269
0.189679
0.049651
0.160864
0.143407
0.128940
0.159500
0.164869
0.070215
0.118858
0.108743
0.108707
0.241218
0.074450
0.089140
0.062680
0.145202
0.062008
0.111986
0.097256
0.226271
0.025463
0.161690
0.141679
0.108969
0.136412
0.203022
0.152808
0.145041
0.127780
0.104484
0.091106
0.140128
0.189102
0.111213
0.247107
0.084336
0.122119
0.059913
0.164482
0.126218
0.178034
0.139847
0.059356
0.130413
0.259147
0.118459
0.145184
0.163522
0.075155
0.177576
0.080550
0.121313
0.145753
0.157892
0.081863
0.128802
0.112335
0.060554
0.119348
0.075355
0.122875
0.115377
0.132346
0.145708
0.036220
0.097583
0.130847
0.199763
0.095143
0.103828
0.156157
0.134525
0.117202
0.106692
0.122284
0.139212
0.109743
0.079940
0.106542
0.126504
0.099322
0.178262
0.083548
0.160385
0.166604
0.200666
0.126226
0.185306
0.158987
0.096870
0.228871
0.096518
0.122680
0.217423
0.221633
0.169846
0.125650
0.197354
0.213559
0.346392
0.150829
0.148466
0.182089
0.162942
0.122511
0.145014
0.110635
0.163088
0.211232
0.167428
0.156815
0.166168
0.233451
0.126129
0.081260
0.212619
0.178734
0.156073
0.200350
0.246015
0.271755
0.120261
0.187608
0.147380
0.227267
0.182021
0.195150
0.170175
0.148055
0.280195
0.170655
0.241477
0.295799
0.295816
0.319129
0.189147
0.253649
0.272579
0.233378
0.280905
0.196779
0.302242
0.359892
0.400559
0.366326
0.327894
0.281034
0.258617
0.265905
0.421382
0.205627
0.316275
0.301009
0.240430
0.364148
0.343085
0.293480
0.325324
0.317147
0.285554
0.274670
0.333435
0.269920
0.217081
0.325446
0.277403
0.271130
0.262441
0.278220
0.385784
0.247631
0.382585
0.255717
0.294548
0.257356
0.396554
0.338076
0.255511
0.258956
0.297190
0.183596
0.347923
0.332475
0.294644
0.236601
0.246420
0.300973
0.377318
0.254720
0.288341
0.232168
0.254418
0.298661
0.316281
0.360080
0.245721
0.231017
0.345686
0.272317
0.302446
0.363638
0.262796
0.342893
0.392070
0.305651
0.323185
0.296338
0.300967
0.338598
0.282635
0.279805
0.333603
0.288507
0.276821
0.286573
0.278674
0.283475
0.307159
0.329592
0.280964
0.273781
0.232841
0.355057
0.337474
0.319069
0.300190
0.231757
0.348365
0.298448
0.311256
0.288421
0.333116
0.308399
0.270041
0.309938
0.291753
0.319678
0.387360
0.330675
0.294301
0.262539
0.331742
0.325788
0.263461
0.258622
0.248531
0.276085
0.230829
0.218064
0.264546
0.294003
0.273942
0.273329
0.288760
0.222801
0.297959
0.172874
0.264544
0.227777
0.260943
0.262516
0.265888
0.281834
0.269497
0.263923
0.254194
0.255778
0.323693
0.304078
0.265885
0.317033
0.207982
0.253581
0.183582
0.296835
0.286686
0.227962
0.234190
0.289669
0.217562
0.191402
0.256822
0.234651
0.196980
0.268374
0.283364
0.231578
0.185006
0.273904
0.245203
0.208716
0.177360
0.208301
0.185538
0.215159
0.275536
0.271483
0.190516
0.211259
0.296914
0.225325
0.253280
0.215918
0.227168
0.176984
0.241965
0.149892
0.134143
0.200589
0.154968
0.185897
0.161766
0.141011
0.195220
0.183617
0.173008
0.191201
0.158871
0.242897
0.202606
0.323954
0.156373
0.173789
0.160938
0.213310
0.135913
0.212254
0.218488
0.169810
0.183627
0.140216
0.219667
0.253017
0.300321
0.224449
0.175720
0.199627
0.191965
0.249403
0.194778
0.137184
0.287875
0.250103
0.148741
0.198042
0.233720
0.224162
0.222925
0.165246
0.194456
0.225782
0.236605
0.144632
0.177494
0.198181
0.258435
0.195785
0.222596
0.109573
0.189013
0.136261
0.278011
0.115655
0.081963
0.244646
0.174270
0.165633
0.178872
0.130194
0.200628
0.123693
0.152790
0.202124
0.092390
0.179994
0.124462
0.103088
0.105770
0.189447
0.172070
0.109373
0.211944
0.329522
0.120966
0.192054
0.232269
0.135575
0.126123
0.129897
0.140614
0.143894
0.120949
0.138356
0.120262
0.133300
0.192827
0.117967
0.140545
0.161695
0.115384
0.087945
0.207485
0.232935
0.238653
0.194109
0.160593
0.084714
0.115609
0.180294
0.087067
0.081588
0.104458
0.091858
0.182427
0.134754
0.129615
0.204222
0.111638
0.153953
0.124896
0.157278
0.172274
0.236564
0.140227
0.116819
0.175472
0.175485
0.146907
0.123489
0.103633
0.074239
0.118306
0.170123
0.158642
0.180774
0.136804
0.156988
0.188785
0.227771
0.155884
0.199531
0.256031
0.106919
0.292666
0.126801
0.178733
0.111766
0.154282
0.138210
0.125828
0.111570
0.210232
0.117284
0.123065
0.199097
0.145218
0.177802
0.133059
0.130495
0.177335
0.277359
0.096282
0.118190
0.198180
0.137982
0.079167
0.171665
0.325773
0.120435
0.133036
0.121928
0.171486
0.229933
0.088388
0.118304
0.075045
0.103668
0.156875
0.154314
0.167757
0.146004
0.206358
0.199106
0.065638
0.098513
0.140800
0.213086
0.129824
0.134875
0.085345
0.183238
0.141535
0.060475
0.152699
0.194317
0.173640
0.193279
0.160538
0.216649
0.127005
0.068762
0.120056
0.128321
0.173393
0.090636
0.104485
0.103089
0.109675
0.113611
0.128761
0.060406
0.105965
0.114130
0.215727
0.178750
0.062294
0.213509
0.167672
0.087905
0.112353
0.125779
0.060360
0.180972
0.125075
0.120551
0.245431
0.104033
0.173629
0.106075
0.147111
0.129187
0.167949
0.099652
0.162171
0.146609
0.090647
0.092840
0.087830
0.218534
0.130863
0.087030
0.089390
0.139659
0.071161
0.051261
0.087019
0.133884
0.065461
0.133558
0.204859
0.082835
0.116545
0.150231
0.164552
0.272685
0.079278
0.166004
0.121823
0.042798
0.069510
0.083212
0.156019
0.081132
0.140684
0.109219
0.193495
0.129435
0.148387
0.059646
0.097863
0.161100
0.109559
0.241873
0.107801
0.071575
0.113123
0.135008
0.111002
0.118815
0.245543
0.080316
0.090184
0.174299
0.078199
0.086873
0.121646
0.064294
0.139065
0.051248
0.131859
0.061331
0.095582
0.088082
0.082649
0.083182
0.134031
0.246948
0.131725
0.098698
0.058548
0.333010
0.095836
0.098748
0.072003
0.053145
0.074356
0.104571
0.145864
0.092597
0.123091
0.124781
0.237641
0.101989
0.118273
0.110796
0.252684
0.057394
0.183790
0.092398
0.054522
0.123303
0.094083
0.099881
0.158639
0.083711
0.124142
0.124545
0.314714
0.103516
0.122712
0.056455
0.143476
0.267537
0.119569
0.084207
0.122416
0.088401
0.121296
0.211332
0.098367
0.052490
0.104115
0.121636
0.124228
0.098225
0.149739
0.129094
0.105079
0.089896
0.059058
0.081547
0.137223
0.068699
0.097190
0.131815
0.095483
0.088451
0.055168
0.121351
0.080154
0.104614
0.127199
0.073707
0.127355
0.103168
0.096943
0.168378
0.139610
0.035960
0.041127
0.209301
0.047585
0.086389
0.094608
0.135168
0.228032
0.113307
0.126431
0.096365
0.101486
0.122800
0.055882
0.111590
0.075616
0.150198
0.104455
0.122654
0.120290
0.091537
0.190444
0.153452
0.086396
0.038443
0.190043
0.066943
0.152137
0.080591
0.117923
0.089374
0.064923
0.088217
0.082296
0.199602
0.039676
0.172549
0.122783
0.148276
0.121847
0.071074
0.087601
0.123742
0.112323
0.170852
0.117953
0.349472
0.134351
0.061943
0.098534
0.138522
0.117800
0.173972
0.399121
0.183643
0.155593
0.127160
0.160820
0.145228
0.149578
0.329441
0.110598
0.112277
0.095180
0.074739
0.058188
0.120612
0.520648
0.130373
0.129618
0.100791
0.056281
0.391898
0.055349
0.088020
0.074443
0.130258
0.115688
0.133840
0.160459
0.172618
0.383493
0.069596
0.171529
0.156483
0.470832
0.058884
0.080780
0.220375
0.149926
0.249799
0.169168
0.141093
0.254766
0.275436
0.155408
0.102479
0.093691
0.041900
0.149618
0.107422
0.154943
0.087214
0.075044
0.102756
0.053735
0.117357
0.155641
0.046014
0.078148
0.059055
0.051164
0.046066
0.150168
0.162755
0.048363
0.073165
0.158528
0.046859
0.080380
0.082262
0.030584
0.145580
0.055846
0.080372
0.113881
0.057155
0.348346
0.045066
0.113547
0.066466
0.167017
0.071703
0.158360
0.129402
0.093766
0.063692
0.080881
0.119762
0.146916
0.106942
0.082636
0.115270
0.083478
0.071819
0.073844
0.083969
0.160622
0.064663
0.080130
0.375788
0.227013
0.177710
0.091700
0.095289
0.070585
0.047924
0.097238
0.351916
0.070135
0.066865
0.161956
0.118947
0.071040
0.211694
0.186617
0.082064
0.126748
0.116521
0.137738
0.086075
0.041623
0.067987
0.045801
0.211846
0.177171
0.125795
0.275445
0.100008
0.119183
0.097565
0.037887
0.090796
0.058092
0.109402
0.097987
0.104993
0.324744
0.107129
0.272727
0.131582
0.055694
0.068475
0.079190
0.140753
0.083548
0.142384
0.113743
0.175145
0.054411
0.063206
0.076774
0.077593
0.035641
0.081129
0.051678
0.031141
0.181725
0.076247
0.336863
0.072623
0.082377
0.032534
0.075651
0.057958
0.240713
0.063926
0.082106
0.125327
0.145654
0.078872
0.104911
0.357602
0.054268
0.074604
0.057916
0.061655
0.462834
0.049960
0.044868
0.083616
0.069374
0.069731
0.073948
0.115548
0.156276
0.069944
0.085463
0.081884
0.138695
0.163352
0.045359
0.096867
0.066555
0.031752
0.088691
0.392465
0.070539
0.158615
0.107192
0.118840
0.090912
0.067694
0.089152
0.098332
0.175359
0.097869
0.236048
0.029244
0.126803
0.065359
0.099827
0.092592
0.038561
0.237272
0.079506
0.052599
0.028722
0.040199
0.063158
0.143938
0.085074
0.123635
0.463507
0.051397
0.042768
0.044840
0.039323
0.394636
0.073345
0.085199
0.057442
0.042534
0.069841
0.375431
0.114245
0.030756
0.068588
0.091032
0.093532
0.059134
0.038820
0.052346
0.051187
0.072042
0.098925
0.112506
0.044939
0.040345
0.375543
0.155662
0.041663
0.308524
0.122744
0.065254
0.326514
0.101947
0.075064
0.053834
0.111002
0.234810
0.060900
0.119600
0.042613
0.045629
0.065894
0.408534
0.073010
0.184519
0.075643
0.444486
0.050409
0.080034
0.091125
0.079179
0.074498
0.231294
0.319302
0.043348
0.264660
0.113142
0.064023
0.073616
0.061225
0.104716
0.062669
0.473864
0.101154
0.046999
0.167749
0.192088
0.163139
0.028393
0.052980
0.133622
0.088159
0.113236
0.096106
0.147322
0.065129
0.093594
0.063027
0.098437
0.087097
0.054634
0.095526
0.083203
0.103549
0.506578
0.047722
0.368516
0.039723
0.044449
0.089402
0.126309
0.210832
0.077171
0.059367
0.050772
0.179275
0.243286
0.176230
0.023488
0.040406
0.091476
0.089953
0.469058
0.088758
0.047008
0.066210
0.078161
0.026490
0.195320
0.147464
0.098686
0.087779
0.035325
0.042056
0.035609
0.077848
0.036719
0.075561
0.044626
0.126877
0.049434
0.023412
0.108804
0.041756
0.072060
0.081258
0.040874
0.069674
0.066333
0.087075
0.062059
0.067106
0.148948
0.025854
0.047957
0.033070
0.198641
0.080229
0.041055
0.194666
0.059906
0.112452
0.277093
0.057344
0.106159
0.058776
0.045201
0.105647
0.071813
0.062638
0.203844
0.049973
0.313389
0.041041
0.096811
0.031071
0.032465
0.050902
0.038205
0.083433
0.028057
0.040209
0.463735
0.058710
0.053920
0.049406
0.173080
0.011750
0.084648
0.064706
0.140410
0.068324
0.194899
0.093829
0.098137
0.057809
0.040152
0.063236
0.039986
0.049058
0.077199
0.055975
0.071750
0.276865
0.037324
