0.000000
0.000000
0.000000
0.000000
0.000000
0.000000
0.000000
0.000000
0.000000
0.000000
0.000000
0.000000
0.000000
0.000000
0.000000
0.000000
0.000000
0.000000
0.000000
0.000000
0.000000
0.000000
0.000000
0.000000
0.000000
0.000000
0.000000
0.000000
0.000000
0.000000
0.000000
0.000000
0.000000
0.000000
0.000000
0.000000
0.000000
0.000000
0.000000
0.000000
0.000000
0.000000
0.000000
0.000000
0.000000
0.000000
0.000000
0.000000
0.000000
0.000000
0.000000
0.000000
0.000000
0.000000
0.000000
0.000000
0.000000
0.000000
0.000000
0.000000
0.000000
0.000000
0.000000
0.183736
0.098071
0.190885
0.159332
0.101406
0.192138
0.245391
0.189551
0.049266
0.160760
0.143190
0.128691
0.159154
0.164494
0.069583
0.118639
0.109066
0.108871
0.240750
0.073723
0.087825
0.061904
0.144553
0.060878
0.108701
0.095209
0.224003
0.025042
0.165210
0.138626
0.103093
0.132173
0.190293
0.145500
0.139910
0.099122
0.100440
0.090747
0.128419
0.183348
0.096059
0.242083
0.078003
0.119964
0.056847
0.158865
0.124373
0.172160
0.139472
0.053512
0.123251
0.248486
0.117724
0.146881
0.161507
0.077454
0.174297
0.080981
0.119148
0.144168
0.156913
0.082997
0.128644
0.111640
0.060526
0.117891
0.076028
0.124445
0.115631
0.131922
0.144167
0.037268
0.098209
0.130916
0.198529
0.096616
0.103831
0.155121
0.131216
0.119661
0.106208
0.116234
0.139349
0.109096
0.075726
0.102618
0.117302
0.083329
0.167290
0.080329
0.161143
0.157686
0.197016
0.125817
0.170760
0.151132
0.091942
0.227097
0.091278
0.114108
0.193695
0.215115
0.163114
0.125092
0.200387
0.201044
0.307945
0.145807
0.142164
0.174381
0.156644
0.116050
0.141329
0.108629
0.152227
0.198767
0.160391
0.154294
0.159761
0.226278
0.127321
0.083844
0.208467
0.174680
0.157996
0.196717
0.239299
0.268357
0.117590
0.184898
0.144736
0.221166
0.177239
0.188872
0.164895
0.143182
0.273230
0.164142
0.234413
0.288663
0.283937
0.307487
0.186631
0.252258
0.266763
0.225600
0.266119
0.195209
0.290153
0.349193
0.374198
0.348922
0.310132
0.272350
0.245579
0.251512
0.388123
0.194667
0.299536
0.293603
0.227520
0.356069
0.327074
0.287519
0.308992
0.299213
0.266480
0.251567
0.323896
0.258351
0.200670
0.325089
0.264634
0.260748
0.252781
0.272537
0.373055
0.232498
0.367285
0.248790
0.276333
0.241530
0.394804
0.323021
0.239156
0.242338
0.277814
0.177536
0.325241
0.309665
0.255419
0.232532
0.218454
0.301527
0.361070
0.241838
0.284321
0.221316
0.237179
0.272581
0.277394
0.323247
0.218444
0.240061
0.335856
0.241037
0.307429
0.354790
0.230347
0.334792
0.397522
0.292430
0.302071
0.272349
0.273374
0.309504
0.279195
0.266502
0.300688
0.291057
0.255245
0.251553
0.242315
0.246115
0.259287
0.277080
0.266181
0.281736
0.192303
0.312132
0.309272
0.300719
0.263311
0.209264
0.321199
0.271080
0.275156
0.230942
0.283516
0.245744
0.203365
0.228086
0.236292
0.290283
0.318341
0.345585
0.212211
0.192401
0.313705
0.259242
0.254925
0.233541
0.206081
0.233602
0.183785
0.227748
0.196130
0.233810
0.208021
0.163372
0.210273
0.147987
0.242327
0.117260
0.184822
0.173669
0.227928
0.199566
0.168264
0.204444
0.239644
0.160753
0.215984
0.209437
0.287655
0.259055
0.153355
0.234084
0.173898
0.174703
0.148117
0.200363
0.247263
0.223445
0.220088
0.243369
0.142987
0.169436
0.189924
0.167486
0.147083
0.228460
0.180141
0.153496
0.128999
0.203973
0.193068
0.136705
0.110611
0.138593
0.138248
0.175282
0.169158
0.221254
0.130857
0.193844
0.234341
0.200427
0.216474
0.148709
0.266931
0.205114
0.256746
0.188160
0.132134
0.178558
0.117778
0.171452
0.139624
0.134903
0.170835
0.121397
0.135622
0.129285
0.117005
0.180223
0.165487
0.283870
0.103353
0.165094
0.152748
0.117650
0.094818
0.175673
0.130821
0.091289
0.182914
0.091009
0.222561
0.275425
0.317963
0.247804
0.246620
0.186040
0.193451
0.199111
0.183282
0.118936
0.258640
0.190461
0.145826
0.178724
0.154139
0.128087
0.214576
0.129485
0.146398
0.152568
0.165850
0.107225
0.148118
0.137616
0.175540
0.156331
0.175634
0.071744
0.127176
0.081013
0.260538
0.081287
0.063474
0.181355
0.125994
0.107910
0.106709
0.065124
0.169382
0.089351
0.134399
0.095351
0.068864
0.186875
0.095230
0.067773
0.056556
0.110430
0.139229
0.099475
0.103411
0.179435
0.082837
0.156403
0.196138
0.168721
0.105031
0.173105
0.209833
0.118634
0.154270
0.174319
0.167250
0.115813
0.141995
0.132591
0.098829
0.140055
0.101408
0.066763
0.153132
0.163038
0.188863
0.119013
0.133220
0.050011
0.098211
0.128270
0.063520
0.047697
0.082347
0.053286
0.149748
0.091669
0.103045
0.184831
0.077314
0.115692
0.069403
0.134968
0.138950
0.163656
0.148084
0.110957
0.120209
0.155419
0.098909
0.098992
0.108547
0.069655
0.079364
0.101819
0.112539
0.120860
0.105101
0.078301
0.115037
0.114166
0.127424
0.099118
0.186237
0.065595
0.182778
0.078516
0.091751
0.060346
0.108468
0.068788
0.071311
0.096216
0.159195
0.058790
0.079764
0.128334
0.097737
0.118764
0.062433
0.115134
0.103890
0.194093
0.089958
0.149924
0.163723
0.132585
0.080161
0.210140
0.245906
0.144512
0.123645
0.129778
0.159929
0.209360
0.083705
0.079588
0.058139
0.081490
0.103189
0.073793
0.177179
0.081810
0.083364
0.095160
0.054364
0.110642
0.124327
0.186724
0.122401
0.124029
0.077885
0.179055
0.129341
0.061772
0.128783
0.163745
0.159230
0.193309
0.178770
0.235037
0.131449
0.063263
0.137770
0.140767
0.181423
0.085790
0.110021
0.105444
0.117259
0.118926
0.130713
0.069455
0.097508
0.110938
0.209778
0.154727
0.058919
0.218244
0.171805
0.091114
0.105550
0.123672
0.056891
0.193160
0.135413
0.111240
0.174537
0.081214
0.166193
0.119318
0.127344
0.136586
0.131704
0.080695
0.124131
0.136781
0.078961
0.080647
0.078801
0.208278
0.091606
0.055858
0.074741
0.127678
0.057054
0.039367
0.070290
0.106253
0.056183
0.124010
0.137951
0.090346
0.073089
0.124574
0.128385
0.229298
0.061489
0.108033
0.098035
0.025321
0.060046
0.053939
0.129490
0.063697
0.132064
0.073051
0.147118
0.110281
0.082310
0.035688
0.074323
0.096127
0.045178
0.178385
0.098674
0.035366
0.082534
0.110796
0.083749
0.113757
0.206230
0.079665
0.075935
0.169023
0.046687
0.074361
0.094594
0.050042
0.112881
0.052034
0.092526
0.045244
0.070947
0.062547
0.053226
0.068685
0.090667
0.234760
0.094817
0.085010
0.038438
0.216544
0.101519
0.129792
0.054943
0.033911
0.070394
0.068498
0.135409
0.067635
0.116767
0.118654
0.170744
0.169058
0.142745
0.132439
0.247726
0.060133
0.194309
0.074394
0.026052
0.081080
0.069804
0.080935
0.118225
0.054110
0.126098
0.085530
0.263525
0.062472
0.102287
0.058430
0.128743
0.239205
0.055595
0.081214
0.114019
0.082715
0.061374
0.192182
0.120315
0.061417
0.063899
0.136079
0.134077
0.117794
0.136358
0.123013
0.126630
0.059647
0.054577
0.081659
0.144826
0.073821
0.067475
0.097057
0.077910
0.055233
0.063514
0.103900
0.069389
0.085359
0.104979
0.071461
0.100144
0.063793
0.088929
0.118022
0.098932
0.025302
0.030421
0.170801
0.042051
0.052611
0.072416
0.103579
0.202657
0.074369
0.076054
0.055399
0.076919
0.106407
0.039800
0.099581
0.054213
0.126125
0.083872
0.077852
0.081847
0.065634
0.136741
0.107205
0.071540
0.021612
0.130368
0.051637
0.077544
0.072448
0.084987
0.051120
0.068403
0.084008
0.078963
0.094784
0.042572
0.186840
0.389163
0.179359
0.141734
0.110622
0.197054
0.108371
0.269540
0.228748
0.098512
0.306903
0.160590
0.152760
0.154363
0.164160
0.140970
0.152481
0.375867
0.187628
0.169056
0.170415
0.155512
0.185635
0.186697
0.353285
0.139079
0.138277
0.087228
0.107730
0.090265
0.113971
0.552919
0.134193
0.168347
0.143860
0.090328
0.368686
0.078982
0.128647
0.047262
0.163426
0.114024
0.113097
0.173037
0.152903
0.355873
0.095901
0.156658
0.164883
0.424343
0.035868
0.079348
0.175989
0.148032
0.231447
0.159507
0.141289
0.242200
0.258867
0.150432
0.165357
0.073228
0.043499
0.113757
0.103780
0.112453
0.117176
0.072061
0.112680
0.065660
0.134691
0.140267
0.050919
0.073548
0.078877
0.050544
0.061975
0.138927
0.148015
0.054614
0.071403
0.148650
0.043692
0.088789
0.073702
0.025561
0.159711
0.073240
0.081677
0.090979
0.043708
0.341350
0.047150
0.107385
0.064062
0.149608
0.108772
0.163168
0.113271
0.088919
0.077699
0.077354
0.114079
0.172696
0.097173
0.083705
0.097520
0.092315
0.059772
0.065711
0.070305
0.200558
0.071352
0.081456
0.383883
0.260417
0.172009
0.113703
0.108059
0.054104
0.056385
0.111753
0.365920
0.071530
0.090343
0.173041
0.117700
0.063241
0.230772
0.191039
0.089822
0.145879
0.123113
0.150747
0.072622
0.045520
0.088038
0.048806
0.200379
0.172471
0.147706
0.284251
0.095984
0.125837
0.118521
0.053175
0.085080
0.071490
0.103521
0.152230
0.104937
0.341208
0.083545
0.247112
0.122143
0.059555
0.072038
0.060320
0.158267
0.076232
0.144323
0.120872
0.156150
0.074017
0.059302
0.085072
0.073573
0.042518
0.102662
0.051185
0.027885
0.174744
0.078713
0.367558
0.070091
0.080345
0.035171
0.105478
0.059762
0.219772
0.071068
0.095542
0.138703
0.138045
0.079656
0.100771
0.372061
0.046704
0.049953
0.074160
0.104486
0.434538
0.043373
0.056908
0.087111
0.071140
0.070775
0.070684
0.093740
0.182450
0.106280
0.060966
0.070227
0.132338
0.176233
0.044213
0.127141
0.068664
0.024259
0.064187
0.389292
0.062290
0.149917
0.096453
0.111382
0.103707
0.073321
0.106703
0.105334
0.167460
0.107322
0.224182
0.030784
0.122151
0.074849
0.102142
0.117531
0.043105
0.252768
0.080808
0.046835
0.034743
0.037716
0.075821
0.146310
0.073874
0.143826
0.477975
0.048112
0.047304
0.041623
0.032653
0.388607
0.048144
0.102388
0.064229
0.034731
0.067869
0.361578
0.120401
0.025982
0.068652
0.098527
0.098346
0.048002
0.044360
0.057503
0.048840
0.070447
0.109119
0.134089
0.036716
0.043184
0.381624
0.163736
0.034786
0.345207
0.181816
0.059438
0.354041
0.084493
0.059117
0.051102
0.106589
0.206488
0.043213
0.094965
0.026115
0.060915
0.061920
0.406239
0.070843
0.171656
0.080369
0.466917
0.054840
0.074622
0.073916
0.071962
0.049199
0.222840
0.345827
0.027415
0.254869
0.102371
0.069096
0.076734
0.026810
0.103232
0.045072
0.396079
0.061376
0.034626
0.166129
0.164455
0.083358
0.016601
0.052718
0.071417
0.079222
0.104520
0.092403
0.157323
0.036109
0.067441
0.067325
0.104897
0.055487
0.068686
0.063579
0.073581
0.109782
0.510162
0.062024
0.352161
0.051922
0.081563
0.086511
0.139138
0.221206
0.071511
0.067106
0.076848
0.180677
0.244711
0.168574
0.107429
0.044084
0.080289
0.109062
0.429592
0.149093
0.052280
0.216904
0.081553
0.022099
0.181680
0.153347
0.101090
0.060084
0.037137
0.045379
0.039767
0.104664
0.026973
0.167730
0.044776
0.134582
0.061468
0.024478
0.104175
0.058283
0.075411
0.098726
0.043435
0.076557
0.073947
0.182688
0.056512
0.045802
0.140494
0.029943
0.044398
0.030091
0.183160
0.067738
0.031527
0.179170
0.042595
0.113224
0.303717
0.055723
0.084085
0.059385
0.037125
0.108949
0.059214
0.058733
0.153752
0.060227
0.366977
0.040127
0.075345
0.035560
0.034186
0.087432
0.043043
0.079066
0.029412
0.057126
0.482227
0.064691
0.075748
0.052157
0.178703
0.011560
0.105725
0.105963
0.159017
0.080535
0.204653
0.044817
0.131448
0.044937
0.029157
0.087458
0.030546
0.041650
0.083621
0.100718
0.065643
0.282877
0.046308
