-0.491685
-0.393942
-0.450672
-0.054409
-0.200490
-0.200949
-0.370821
-0.364494
-0.087103
-0.069058
-0.199507
0.045455
-0.103250
-0.049049
-0.037618
0.030118
0.164908
-0.054427
-0.115336
-0.036474
0.131306
-0.038246
0.058084
-0.046443
-0.062569
-0.050371
0.036662
-0.064619
-0.001310
0.006408
0.135088
0.031178
0.480621
0.042379
-0.002619
0.213189
-0.048884
0.994404
-0.059446
-0.031903
-0.047625
0.178478
-0.057948
-0.043246
0.041285
0.021855
-0.017358
0.070717
-0.005916
-0.009356
0.286899
0.034574
-0.001247
0.017904
0.085128
0.424127
0.136273
0.152629
0.031137
-0.001997
-0.040088
-0.031160
0.098388
-0.005276
0.105792
-0.036051
-0.023766
0.239966
0.060013
-0.027871
0.145972
0.028879
0.170852
0.021266
-0.022284
0.061466
-0.053049
0.000802
-0.058825
0.015670
0.163433
0.049377
0.425298
0.004903
-0.070119
0.061951
0.085489
-0.004322
0.066917
0.037786
-0.033603
0.485241
0.293630
0.055719
0.180733
0.072447
0.058221
0.139168
0.151640
0.064092
0.103303
0.192410
0.003006
-0.033858
0.169129
0.137956
0.026144
0.031136
0.046833
0.004140
0.308895
0.147282
-0.052223
0.176213
0.036928
0.324426
0.022494
0.445431
0.458949
0.035195
0.444673
0.058294
-0.009545
-0.009233
0.007942
0.001273
-0.006641
0.068714
0.442751
-0.046835
0.122856
0.313427
0.035645
-0.048269
0.119657
-0.081641
0.063578
0.315196
0.065481
0.035525
0.058012
0.067701
-0.040409
0.018584
0.146877
0.056127
0.092285
-0.005686
-0.149156
-0.040277
0.086811
0.316017
-0.115555
0.997616
-0.021619
0.179914
0.023161
-0.078719
0.125564
0.090838
-0.145301
0.225622
-0.115019
0.053089
0.030000
0.034300
0.167951
0.265512
-0.020093
-0.025351
0.142414
0.007608
0.299139
-0.015365
0.007721
0.469433
-0.031496
0.110560
-0.011777
0.064683
0.233991
0.299176
-0.034614
0.128694
0.019575
-0.006123
0.058214
0.090174
0.166937
0.160150
0.175672
-0.050514
0.048362
0.060415
0.168498
-0.013213
0.481033
0.148799
0.111897
-0.000907
0.283047
0.173484
0.098086
0.059920
0.086810
0.173529
0.294799
0.191953
0.292558
0.017977
0.414103
0.280986
0.037917
-0.033643
0.323231
0.406345
0.030236
0.076479
0.010893
0.226673
0.215569
0.477753
0.094023
0.476751
0.182516
0.298555
0.482444
0.174165
0.117270
0.480109
0.100107
0.083863
0.124293
-0.024633
0.000799
0.039560
0.024479
0.094276
0.137773
0.435926
0.441750
0.010786
0.314701
-0.023348
0.160811
0.254472
0.450736
0.056260
0.033001
0.307436
0.219783
0.012050
0.053947
0.052985
0.442592
0.483581
0.068898
0.046182
0.299786
-0.028558
0.052661
0.063971
0.058450
0.173808
0.102414
0.095298
0.023830
-0.008095
0.990934
0.070339
0.090699
0.993786
0.072848
0.073698
0.184305
0.289616
0.090025
0.112656
0.222611
0.067643
0.067877
0.018033
0.061920
0.236056
0.229397
0.489950
0.087024
0.018346
0.064811
0.203928
0.468563
0.099301
-0.001796
0.043909
0.039431
-0.005589
0.286449
0.176168
0.415940
0.440683
0.116387
0.065576
0.032155
0.456324
0.077407
0.026935
0.119931
0.296761
0.129130
0.129221
0.115574
0.042995
0.288638
0.010092
0.304681
0.102185
0.237404
0.154632
0.104009
0.043713
0.189135
0.085104
0.059539
0.039592
0.288450
0.133681
0.221665
0.001738
0.075739
0.281568
0.003405
0.067567
0.040423
-0.007268
0.396520
0.022631
0.122719
0.028773
0.058720
0.023964
0.138712
0.307792
0.040501
0.147631
0.036249
0.290043
0.043842
0.276470
0.093868
0.292837
0.221189
0.005719
0.083972
0.108062
0.034367
0.064032
0.281394
-0.002566
0.025131
0.002796
0.023676
0.994795
-0.004803
0.274397
0.102112
0.043775
0.084211
0.074434
0.216575
0.089307
0.280926
-0.015392
0.250190
0.308237
0.026168
0.461835
0.018444
-0.013544
0.482845
-0.001456
0.019565
0.088269
0.025753
0.166258
0.224600
0.128149
0.124223
0.440402
0.129738
0.272038
0.177392
0.044743
0.176845
0.190454
0.076510
0.070038
0.318115
0.473173
0.114702
0.455923
0.040617
0.175049
0.265838
0.169866
0.032021
0.995187
0.311604
0.064425
0.140657
-0.009266
0.311929
0.471196
0.079707
0.212867
0.087677
0.182968
0.091870
0.026134
0.176438
0.072090
0.302050
0.105581
0.092397
0.213727
0.492717
0.292759
0.461647
0.470868
0.450008
0.233231
0.455318
0.141017
0.140621
0.101697
0.173578
0.120827
0.027480
0.020121
0.479036
0.113315
0.231957
0.058442
0.174283
0.049074
0.050754
0.057119
0.048409
0.314224
0.063309
0.026663
0.301793
0.259727
0.307278
0.472340
0.104154
0.170123
0.122468
0.023064
0.293979
0.230829
0.070370
0.448057
0.218125
0.055005
0.077828
0.284300
0.085914
0.320009
0.256384
0.992405
0.293767
0.433984
0.114429
0.174895
0.240542
0.488791
0.221376
0.082419
-0.020557
0.008872
0.123065
0.084383
0.052663
0.094006
0.236095
0.235489
0.111882
0.274597
0.092650
0.096606
0.064630
0.083199
0.174575
0.037480
0.214357
0.464124
0.285467
0.463227
0.009255
0.223095
0.040951
0.163465
0.287925
0.471286
0.110447
0.009788
0.087575
0.089090
0.227793
0.058589
0.455566
0.110843
-0.010879
0.084135
0.141445
0.260744
0.296557
0.015612
0.116883
0.083161
0.060903
0.484071
0.054541
0.479319
0.186102
0.148544
0.092865
0.120049
0.000860
0.021128
0.224559
0.027746
0.301206
0.098943
0.284953
0.293515
0.211012
0.067714
0.088364
0.182524
0.031054
0.089698
0.168461
0.072720
0.015388
0.079390
0.007632
0.219095
0.228144
0.198009
0.030010
0.267778
0.013326
0.432022
0.109152
0.282152
0.106867
0.066787
0.051014
0.475182
-0.005684
0.041547
0.023814
0.018817
0.019115
0.110404
0.029085
0.224977
0.267224
0.280705
-0.001855
0.058439
0.118241
-0.008721
0.065639
0.050620
0.144808
0.140728
0.472485
0.308125
0.067326
0.129992
0.274412
0.992584
0.183118
0.005873
0.067183
0.044190
0.249569
0.030905
0.083164
0.047397
0.133187
0.067454
0.228169
0.144447
0.020149
0.214912
0.113732
0.310449
0.160610
0.005418
0.104557
0.316050
0.096585
0.065645
0.144126
0.467674
0.117064
0.131779
-0.022143
0.225260
0.079390
0.106714
0.127796
0.138924
0.079522
0.113965
0.032488
0.267202
0.485531
0.183436
0.314391
0.302443
0.168191
0.311946
0.482796
0.099257
0.076200
0.083238
0.111423
0.089529
0.228664
0.183886
0.085836
0.463773
0.147660
0.301729
0.048188
0.216025
0.014985
0.049090
0.182414
0.143900
0.147644
-0.020844
0.045606
0.008841
0.018082
0.993509
0.470239
0.489128
0.068795
0.031484
0.106843
0.073766
0.487109
0.166223
0.223178
0.311733
0.057342
0.145603
-0.009762
0.996308
-0.000300
0.014069
0.073364
0.460634
0.107881
0.311052
0.433965
0.076207
0.177918
0.041332
0.148975
0.120041
0.073087
-0.012021
0.232500
0.107902
0.153265
0.318544
0.018578
0.305306
0.014599
0.994509
0.233475
0.051957
0.030021
0.060607
0.100405
0.172013
0.083411
0.165693
0.027786
0.066328
0.064267
0.100895
0.125685
0.102036
0.175946
0.468297
0.095555
0.231933
0.170185
0.080103
0.095047
-0.000716
0.172449
-0.000835
0.039425
0.187526
0.029549
0.426263
0.143304
0.097416
0.048030
0.051863
0.010452
0.030506
0.491066
0.149681
0.465384
0.124736
0.233695
0.994221
0.143185
0.050304
0.230937
0.037941
0.030314
0.092232
0.479735
0.228622
0.074862
0.121679
0.139528
0.105959
0.098400
0.030151
0.312249
0.440612
0.004690
0.477608
0.049471
0.085067
0.123888
0.103908
0.033146
0.223104
0.144525
0.137089
0.023686
0.115062
0.207935
0.005479
0.122520
0.017797
0.317810
0.088608
0.066636
0.108553
0.062715
0.063932
0.064483
0.095941
0.456494
0.168021
0.276585
0.207940
-0.006237
0.049710
0.079837
0.302682
0.076822
0.451388
-0.000931
0.088460
0.136908
0.239795
0.306594
0.180073
0.389641
0.147857
0.475631
0.295186
0.085815
0.086245
0.304251
0.010036
-0.014379
0.026178
0.130095
0.186547
0.136090
0.308119
0.481064
0.460645
0.091358
0.320235
0.141574
0.449451
0.291973
0.154820
0.455086
0.164429
0.234213
0.460476
0.111698
0.151187
0.001348
0.081831
0.005345
0.088129
0.085913
0.012329
0.042863
0.228164
0.468802
0.324742
0.095794
0.037467
0.117046
0.019310
0.995835
0.013620
0.030670
0.163719
0.091763
0.150249
0.083377
0.078848
0.183597
0.464030
0.285309
0.277233
0.024678
0.044034
0.090232
0.110820
0.022997
0.286944
0.107546
0.005714
0.312220
0.073896
0.145270
0.483227
0.300760
0.319607
0.057271
0.022303
0.005781
0.061786
0.056031
0.992854
0.470886
0.219205
0.059031
0.455111
0.120922
0.310981
0.144418
0.181965
0.126396
0.182409
0.475030
0.025941
0.027439
0.037173
0.119095
0.480292
0.145360
0.181883
0.315656
0.425373
0.481190
0.189946
0.258569
0.301307
0.464076
0.460007
0.490672
0.124216
0.048087
0.994886
0.022892
0.302064
0.477986
0.091667
0.446673
0.485547
0.203869
0.461716
0.184402
0.093457
0.183517
0.060011
0.088017
-0.006837
0.049345
0.085875
0.003599
0.064829
-0.004470
0.071654
0.034275
0.056447
0.310290
-0.026088
0.419988
0.469483
0.307916
0.122963
0.096434
0.085209
0.066111
0.475986
0.153557
0.211893
0.459723
0.446935
-0.014044
0.023621
0.991870
0.050346
0.013220
0.997349
0.022420
0.056211
0.111259
0.456183
0.152017
0.090604
0.057772
0.111337
0.135621
0.484042
0.187791
0.087550
0.436456
0.076991
0.274803
0.061585
0.480500
0.010891
0.001880
0.305236
0.480532
0.462089
0.108961
0.095372
0.122458
0.312217
0.010845
0.146380
0.061469
0.067491
0.149592
0.229785
0.046619
0.125960
0.211717
0.278946
0.312207
0.488877
0.125671
0.314650
0.026642
0.467472
0.318102
0.314518
0.072762
0.152281
0.459332
0.122415
0.081846
0.114783
0.082337
0.062007
0.472821
0.175627
0.991714
0.104659
0.071048
0.024915
0.489140
0.181416
0.139068
0.181229
0.187141
0.079943
0.020748
0.323185
0.101752
0.483439
0.231993
0.081718
0.123144
0.026294
