-98.337084
-78.788482
-90.134445
-10.881851
-40.098045
-40.189815
-71.568434
-71.805395
-17.420693
-13.811536
-39.901316
0.545455
-20.649987
-9.809888
-4.852780
0.512003
0.824538
-10.558855
-23.067210
-5.179351
0.787838
-7.649276
0.580843
-9.288569
-12.513823
-10.074138
0.586592
-12.923815
-0.041917
0.166617
0.810526
0.592389
0.961242
0.635690
-0.096890
0.852755
-9.776816
0.994404
-11.889285
-6.380538
-9.524905
0.713912
-11.589570
-7.222150
0.619278
0.437093
-0.902625
0.707172
-0.272133
-0.467822
0.860697
0.553183
-0.048646
0.358085
0.766156
0.848253
0.817637
0.763143
0.498197
-0.055921
-8.017648
-6.232063
0.787103
-0.189918
0.846334
-7.210216
-3.921376
0.959863
0.780168
-3.177254
0.875830
0.490937
0.683410
0.489115
-1.381624
0.676125
-7.957381
0.027264
-11.764944
0.423096
0.817166
0.592520
0.850597
0.196137
-14.023829
0.681456
0.769397
-0.133991
0.736088
0.604582
-6.216498
0.970482
0.880890
0.724350
0.722933
0.796920
0.756870
0.835006
0.758202
0.705010
0.723118
0.769641
0.096199
-6.771669
0.845647
0.689779
0.522873
0.498169
0.562000
0.091074
0.926684
0.736409
-10.444623
0.881064
0.627780
0.973278
0.494876
0.890862
0.917897
0.598317
0.889347
0.641233
-0.620411
-0.553991
0.230304
0.043292
-0.252360
0.618426
0.885501
-9.367035
0.859991
0.940280
0.463380
-9.653890
0.717941
-16.328202
0.762937
0.945587
0.523844
0.426302
0.754154
0.744708
-8.081832
0.390254
0.881262
0.617400
0.553711
-0.176271
-29.831261
-8.055458
0.781301
0.948051
-23.111057
0.997616
-2.205187
0.899569
0.486380
-15.743808
0.627822
0.726703
-29.060236
0.902488
-23.003882
0.583976
0.480004
0.377295
0.839753
0.796537
-1.366290
-2.636522
0.854485
0.243457
0.897416
-0.875785
0.247076
0.938865
-3.244098
0.773923
-0.824396
0.646833
0.935965
0.897527
-6.922866
0.900859
0.528514
-0.324511
0.640350
0.811569
0.834687
0.800748
0.878361
-10.102854
0.677065
0.664569
0.842491
-0.687062
0.962066
0.743995
0.783279
-0.043524
0.849142
0.867422
0.882778
0.778960
0.781294
0.867644
0.884396
0.767810
0.877673
0.395496
0.828207
0.842959
0.530835
-6.728663
0.969692
0.812690
0.483768
0.535353
0.359483
0.906693
0.862275
0.955507
0.846209
0.953501
0.912579
0.895665
0.964887
0.870824
0.820891
0.960219
0.800855
0.838629
0.870050
-3.891971
0.027153
0.672518
0.489579
0.754205
0.826638
0.871852
0.883501
0.312807
0.944103
-2.591594
0.804057
0.763417
0.901471
0.618858
0.561011
0.922308
0.879133
0.313305
0.593419
0.688800
0.885185
0.967161
0.826778
0.646548
0.899358
-2.827241
0.579268
0.639709
0.759848
0.869038
0.716899
0.762388
0.428945
-0.493795
0.990934
0.773733
0.362798
0.993786
0.801324
0.663278
0.737221
0.868848
0.630173
0.788592
0.890444
0.744072
0.746650
0.378696
0.681120
0.944224
0.917590
0.979901
0.522142
0.458648
0.712916
0.815712
0.937125
0.794411
-0.053880
0.614727
0.552032
-0.352121
0.859346
0.880839
0.831881
0.881367
0.814711
0.655758
0.610946
0.912647
0.696661
0.457893
0.719586
0.890282
0.903908
0.775328
0.809016
0.515937
0.865914
0.333046
0.914042
0.715298
0.949615
0.927790
0.832068
0.655696
0.756541
0.595725
0.535851
0.554290
0.865351
0.802086
0.886661
0.052142
0.681650
0.844703
0.085123
0.675668
0.606349
-0.232575
0.793039
0.497873
0.859036
0.517917
0.587205
0.503239
0.832272
0.923375
0.567016
0.885785
0.616227
0.870129
0.701479
0.829409
0.750947
0.878510
0.884756
0.154422
0.755750
0.864499
0.549873
0.704347
0.844182
-0.092389
0.427223
0.097851
0.544546
0.994795
-0.196938
0.823190
0.714784
0.569075
0.757896
0.818777
0.866298
0.803760
0.842777
-0.538731
0.750569
0.924711
0.523360
0.923669
0.350432
-0.866792
0.965690
-0.074243
0.352173
0.794422
0.515067
0.831291
0.898398
0.768893
0.745341
0.880805
0.778427
0.816113
0.886961
0.492175
0.884226
0.761814
0.765103
0.770414
0.954346
0.946347
0.802916
0.911847
0.649864
0.875246
0.797513
0.849328
0.384251
0.995187
0.934812
0.708672
0.843945
-0.416979
0.935786
0.942391
0.717363
0.851468
0.789094
0.914839
0.734956
0.601087
0.882188
0.720896
0.906149
0.844650
0.739174
0.854908
0.985435
0.878276
0.923295
0.941736
0.900015
0.932923
0.910636
0.846102
0.843727
0.711876
0.867890
0.724964
0.549597
0.402417
0.958072
0.793203
0.927828
0.584416
0.871414
0.539815
0.609045
0.685429
0.629318
0.942673
0.633092
0.399942
0.905380
0.779182
0.921834
0.944679
0.833235
0.850613
0.857279
0.438207
0.881938
0.923317
0.774067
0.896115
0.872500
0.605050
0.700455
0.852901
0.773225
0.960026
0.769153
0.992405
0.881301
0.867968
0.801004
0.874474
0.962168
0.977582
0.885506
0.824189
-1.068945
0.292761
0.861452
0.590681
0.526625
0.846050
0.944380
0.941955
0.783171
0.823791
0.833854
0.772845
0.646303
0.748788
0.872877
0.599683
0.857430
0.928248
0.856400
0.926454
0.203601
0.892380
0.573310
0.817324
0.863776
0.942573
0.773127
0.185971
0.788176
0.801810
0.911171
0.644482
0.911131
0.775904
-0.641881
0.757216
0.848668
0.782232
0.889672
0.374685
0.818182
0.831610
0.791735
0.968142
0.763568
0.958637
0.744408
0.891262
0.835787
0.840343
0.023231
0.359175
0.898236
0.610403
0.903618
0.791543
0.854860
0.880545
0.844047
0.677136
0.795273
0.912619
0.527913
0.717584
0.842303
0.727204
0.307764
0.635122
0.228972
0.876378
0.912577
0.792036
0.540180
0.803333
0.306502
0.864045
0.764065
0.846455
0.854933
0.801440
0.612173
0.950363
-0.170509
0.623211
0.547714
0.413968
0.363194
0.772830
0.552616
0.899909
0.801673
0.842114
-0.066763
0.525951
0.827685
-0.392433
0.787670
0.506203
0.868847
0.844370
0.944970
0.924375
0.740585
0.909943
0.823237
0.992584
0.915592
0.229061
0.739015
0.618655
0.748707
0.587186
0.748478
0.568767
0.799122
0.809447
0.912675
0.866682
0.443272
0.859647
0.796125
0.931348
0.642440
0.119186
0.836460
0.948149
0.772683
0.590808
0.864756
0.935347
0.819447
0.790676
-1.992848
0.901042
0.635123
0.747001
0.894573
0.833544
0.715697
0.911723
0.584780
0.801606
0.971062
0.917181
0.943173
0.907330
0.840954
0.935837
0.965591
0.794055
0.685801
0.749140
0.779960
0.805763
0.914656
0.919428
0.772523
0.927547
0.885958
0.905187
0.626448
0.864100
0.374630
0.687259
0.729657
0.863400
0.885866
-1.500799
0.638479
0.212183
0.470122
0.993509
0.940477
0.978256
0.756742
0.598193
0.854744
0.516363
0.974218
0.831116
0.892713
0.935200
0.745445
0.873620
-0.683327
0.996308
-0.008405
0.408011
0.807001
0.921268
0.863047
0.933156
0.867930
0.762068
0.889590
0.661305
0.893849
0.840284
0.803959
-0.805437
0.929999
0.863218
0.919593
0.955631
0.427289
0.915919
0.335783
0.994509
0.933898
0.727394
0.600413
0.787891
0.803236
0.860067
0.750700
0.828467
0.444581
0.729608
0.706942
0.807162
0.754112
0.816290
0.879729
0.936594
0.859996
0.927734
0.850927
0.720924
0.855427
-0.035799
0.862244
-0.032565
0.591373
0.937630
0.590981
0.852526
0.859827
0.779326
0.672422
0.674214
0.282214
0.549105
0.982131
0.898085
0.930768
0.873153
0.934780
0.994221
0.859109
0.704256
0.923746
0.607063
0.636588
0.830086
0.959470
0.914490
0.823484
0.851753
0.837168
0.847671
0.787203
0.512567
0.936746
0.881224
0.220427
0.955215
0.692593
0.765606
0.743331
0.831262
0.563475
0.892416
0.867153
0.822532
0.497403
0.690372
0.831742
0.202705
0.857640
0.444921
0.953430
0.708863
0.733000
0.759870
0.689863
0.767178
0.644830
0.671588
0.912987
0.840104
0.829755
0.831761
-0.236997
0.596519
0.718534
0.908045
0.845045
0.902775
-0.029793
0.796137
0.821446
0.959180
0.919783
0.900363
0.779281
0.887141
0.951261
0.885558
0.858148
0.862453
0.912754
0.291038
-0.805248
0.445022
0.780571
0.932733
0.816541
0.924357
0.962128
0.921290
0.730864
0.960705
0.849446
0.898902
0.875919
0.928921
0.910172
0.822145
0.936854
0.920952
0.781885
0.907121
0.045830
0.736480
0.187067
0.793158
0.773218
0.369871
0.600080
0.912657
0.937604
0.974226
0.766351
0.599465
0.819322
0.463442
0.995835
0.313265
0.490714
0.818595
0.825870
0.751243
0.667018
0.709634
0.917984
0.928061
0.855928
0.831699
0.444210
0.660507
0.812087
0.775740
0.528923
0.860832
0.752823
0.165698
0.936660
0.812856
0.871621
0.966453
0.902281
0.958820
0.687254
0.468366
0.150306
0.679642
0.672367
0.992854
0.941772
0.876820
0.708370
0.910221
0.846456
0.932943
0.866505
0.909823
0.884770
0.912044
0.950060
0.544758
0.576222
0.557600
0.833662
0.960583
0.872162
0.909414
0.946967
0.850745
0.962380
0.949728
0.775706
0.903920
0.928152
0.920013
0.981343
0.869511
0.673225
0.994886
0.457840
0.906192
0.955971
0.733338
0.893345
0.971094
0.815477
0.923432
0.737610
0.747653
0.917584
0.660118
0.880169
-0.355538
0.592135
0.687001
0.129572
0.777952
-0.223520
0.788197
0.548401
0.508023
0.930869
-1.643530
0.839976
0.938966
0.923747
0.860744
0.771469
0.852087
0.661106
0.951971
0.921344
0.847572
0.919446
0.893870
-1.334183
0.425185
0.991870
0.654493
0.277618
0.997349
0.470827
0.730744
0.778815
0.912366
0.912104
0.724833
0.693268
0.890696
0.813723
0.968084
0.938953
0.787950
0.872912
0.769911
0.824409
0.739015
0.961000
0.294051
0.078941
0.915708
0.961063
0.924177
0.871691
0.858347
0.857208
0.936652
0.292828
0.878281
0.737632
0.809890
0.897552
0.919139
0.699292
0.755761
0.846869
0.836838
0.936622
0.977755
0.879700
0.943950
0.612773
0.934944
0.954305
0.943553
0.800382
0.913684
0.918665
0.856905
0.736612
0.803483
0.741032
0.744081
0.945641
0.878133
0.991714
0.837273
0.639432
0.498306
0.978281
0.907081
0.834410
0.906144
0.935704
0.799431
0.373456
0.969554
0.814016
0.966879
0.927971
0.817181
0.862008
0.578465
