0.000000
0.000000
0.000000
0.000000
0.000000
0.000000
0.000000
0.000000
0.000000
0.000000
0.000000
0.000000
0.000000
0.000000
0.000000
0.000000
0.000000
0.000000
0.000000
0.000000
0.000000
0.000000
0.000000
0.000000
0.000000
0.000000
0.000000
0.000000
0.000000
0.000000
0.000000
0.000000
0.000000
0.000000
0.000000
0.000000
0.000000
0.000000
0.000000
0.000000
0.000000
0.000000
0.000000
0.000000
0.000000
0.000000
0.000000
0.000000
0.000000
0.000000
0.000000
0.000000
0.000000
0.000000
0.000000
0.000000
0.000000
0.000000
0.000000
0.000000
0.000000
0.000000
0.000000
0.000000
0.000000
0.000000
0.000000
0.000000
0.000000
0.000000
0.000000
0.000000
0.000000
0.000000
0.000000
0.000000
0.000000
0.000000
0.000000
0.000000
0.000000
0.000000
0.000000
0.000000
0.000000
0.000000
0.000000
0.000000
0.000000
0.000000
0.000000
0.000000
0.000000
0.000000
0.000000
0.000000
0.000000
0.000000
0.000000
0.000000
0.000000
0.000000
0.000000
0.000000
0.000000
0.000000
0.000000
0.000000
0.000000
0.000000
0.000000
0.000000
0.000000
0.000000
0.000000
0.000000
0.000000
0.000000
0.000000
0.000000
0.000000
0.000000
0.000000
0.000000
0.000000
0.000000
0.000000
0.040490
0.090677
0.151036
0.210839
0.313516
0.409895
0.518517
0.560081
0.571045
0.548783
0.508978
0.455410
0.403342
0.359946
0.326946
0.313783
0.302053
0.318688
0.334733
0.355781
0.382237
0.416306
0.449769
0.484638
0.489854
0.505060
0.495288
0.489053
0.480876
0.476210
0.484269
0.456939
0.444419
0.425907
0.400502
0.380727
0.362567
0.362798
0.347305
0.348550
0.341752
0.337740
0.320066
0.312753
0.295235
0.294916
0.290294
0.294888
0.292437
0.314113
0.322822
0.342737
0.338650
0.333200
0.322748
0.320501
0.322403
0.332700
0.343021
0.345072
0.353852
0.355950
0.362615
0.367236
0.371013
0.364209
0.351701
0.360475
0.345312
0.353791
0.363643
0.367067
0.384210
0.394389
0.394655
0.389839
0.401486
0.400420
0.406358
0.408233
0.411742
0.422720
0.429623
0.441188
0.446918
0.460556
0.476336
0.489828
0.500649
0.494268
0.529645
0.514126
0.515072
0.480868
0.477814
0.467606
0.476519
0.492347
0.514395
0.526811
0.526037
0.557872
0.539635
0.538554
0.542624
0.522633
0.517078
0.526224
0.513936
0.505606
0.497644
0.489024
0.531450
0.582691
0.577018
0.586582
0.544599
0.544299
0.526268
0.545959
0.541851
0.604464
0.628994
0.630950
0.601322
0.554599
0.563141
0.557952
0.546427
0.597753
0.606374
0.628098
0.608867
0.598210
0.570373
0.624632
0.604794
0.618755
0.630261
0.628969
0.616652
0.634681
0.617508
0.632781
0.602798
0.641972
0.652151
0.640670
0.615909
0.626514
0.644539
0.667168
0.672260
0.677819
0.641236
0.638428
0.643035
0.709924
0.731301
0.759736
0.707416
0.649354
0.665959
0.737918
0.706456
0.712122
0.685343
0.676837
0.689264
0.700058
0.686281
0.686471
0.711317
0.698677
0.698144
0.713830
0.705951
0.720311
0.701414
0.684395
0.664995
0.718900
0.743589
0.729531
0.718618
0.708010
0.695596
0.701704
0.737252
0.726268
0.739320
0.720994
0.744359
0.726340
0.734492
0.716814
0.710267
0.694064
0.738052
0.685059
0.744181
0.737561
0.734164
0.729135
0.690132
0.729128
0.766646
0.777130
0.773557
0.715275
0.683703
0.728435
0.755149
0.734651
0.708535
0.717702
0.727094
0.760871
0.804262
0.757321
0.759212
0.727005
0.713176
0.749489
0.771453
0.827737
0.770326
0.720367
0.729370
0.743863
0.762123
0.773696
0.752060
0.793088
0.768511
0.738044
0.754819
0.718772
0.763328
0.797293
0.753841
0.746986
0.751069
0.762941
0.766268
0.749520
0.774862
0.758106
0.786000
0.772636
0.797183
0.782290
0.778710
0.766515
0.765441
0.755219
0.761599
0.714501
0.806346
0.806155
0.744858
0.783208
0.747679
0.779543
0.797139
0.774277
0.763852
0.740274
0.752844
0.836740
0.764470
0.860250
0.778508
0.756307
0.805869
0.843942
0.809592
0.726068
0.792241
0.790048
0.791569
0.794415
0.787486
0.819460
0.827344
0.802436
0.811115
0.747971
0.787102
0.807216
0.837881
0.823265
0.765528
0.805035
0.788601
0.826629
0.883615
0.829129
0.838101
0.796770
0.812128
0.823725
0.818631
0.813385
0.801538
0.834167
0.844282
0.817011
0.793994
0.799710
0.869535
0.832354
0.809623
0.826935
0.827168
0.811877
0.847106
0.807659
0.826275
0.857318
0.827270
0.865308
0.866384
0.845684
0.845591
0.842067
0.837179
0.828267
0.846644
0.829503
0.822321
0.818304
0.863147
0.906675
0.887704
0.826168
0.895351
0.858125
0.822527
0.849344
0.884433
0.874328
0.873311
0.894684
0.906883
0.863159
0.861877
0.843037
0.874378
0.867213
0.861761
0.844357
0.841276
0.845229
0.879595
0.859265
0.856879
0.870368
0.924986
0.846205
0.833466
0.862796
0.877880
0.901207
0.893277
0.863664
0.892798
0.899661
0.872456
0.868043
0.893575
0.917098
0.909958
0.883538
0.936783
0.865382
0.840459
0.870999
0.921796
0.915877
0.872527
0.842687
0.913847
0.979860
0.937365
0.885712
0.895091
0.936113
0.929218
0.907154
0.896092
0.893692
0.923765
0.964030
0.946704
0.889245
0.868846
0.927484
0.933104
0.967929
0.892429
0.863971
0.943851
0.973404
0.973499
0.902576
0.888747
0.975804
0.974116
1.000056
0.981267
0.907944
0.908552
0.922113
0.998175
0.981058
0.949347
0.948850
0.962834
0.936136
0.955276
0.948045
0.948522
0.966575
0.956629
0.983640
0.946092
0.937368
0.959184
0.947576
0.919408
0.931725
0.925265
1.004039
0.964838
0.934917
0.970167
0.957076
1.002390
0.970952
0.970830
0.934249
1.001459
1.001725
1.021503
0.986850
0.954217
0.984176
1.036900
1.019735
0.954277
0.955023
0.956555
0.973965
1.046549
0.972678
0.975594
1.020841
1.010888
1.059313
1.027399
0.943279
0.976429
1.003824
1.041732
1.059909
0.977232
0.983099
1.002378
1.073153
1.047420
0.969671
0.989819
1.019553
1.048038
1.073013
0.992665
0.954955
0.948730
1.000167
1.076385
1.071508
1.009915
1.002775
1.018630
1.038477
1.035546
1.021906
1.005365
1.051826
1.027186
1.089472
1.104847
1.048118
1.006478
1.021714
1.000865
1.033959
1.101774
1.056477
1.001140
1.037906
1.005800
1.077598
1.073214
1.025687
1.012511
1.004313
0.990354
1.065451
1.062956
1.046337
1.012101
1.084116
1.019160
1.045266
1.064293
1.051472
1.030420
1.014180
1.019127
1.018644
1.039894
1.029225
1.070570
0.985070
1.036275
1.033222
1.054518
1.038221
1.050424
1.003214
1.014753
1.033304
1.040620
1.050860
0.976551
1.009870
1.010345
1.068671
1.019868
1.011151
0.995675
1.041113
0.999913
1.019302
1.047697
1.021589
1.029716
1.027514
1.017859
1.005404
1.063447
1.056317
1.003041
0.997742
1.040856
1.029282
1.019996
1.050316
1.002234
0.995275
1.025721
1.051332
1.030432
1.030013
1.019987
0.995391
0.997190
1.017392
1.036229
1.042823
1.032154
1.025257
1.030710
1.035477
0.996763
1.049766
1.055863
1.041198
1.056673
1.066464
1.062950
0.998717
1.043660
1.053187
1.009181
0.991120
1.045191
1.051398
1.014523
1.009225
1.004860
1.018786
1.003694
1.036329
1.021788
1.049802
1.080851
1.049193
1.030384
1.033642
1.048041
1.046352
1.056069
1.021527
1.045221
1.075662
1.000373
1.027453
1.054088
1.024379
1.013071
0.974320
1.021626
1.008395
1.034399
1.021789
1.031369
1.023870
1.004210
1.047034
1.052761
1.054106
1.065819
1.019135
1.054542
1.056055
1.023876
1.076397
1.037975
1.040443
1.027248
1.095598
1.037169
1.045168
1.045595
1.035719
1.036315
1.025846
1.031455
1.045583
1.026666
1.055177
1.042959
1.062302
1.052924
1.056606
1.012571
1.029894
1.034082
1.054257
1.027368
1.064627
1.034777
1.009561
1.034403
1.063912
1.076027
1.016418
1.054471
1.047058
1.044783
1.035208
1.033286
1.027169
1.068197
1.041792
1.035785
1.028704
1.056164
1.017472
1.044789
1.035359
1.013152
1.018465
1.059826
1.036310
1.073999
1.053730
1.055806
1.059298
1.052611
1.042153
1.060363
1.034804
1.053225
1.009730
1.028450
1.009327
1.018376
1.073483
1.034714
1.030252
1.021646
1.011217
1.068550
1.009586
0.982409
1.021451
1.024892
0.995507
1.014349
1.053836
1.009338
1.028105
1.036312
1.044820
1.046141
1.037150
1.017987
1.023130
1.015899
1.048070
1.025067
0.999523
1.005569
1.051721
1.025708
1.038688
1.022096
1.007271
1.028359
1.037551
1.019140
1.063259
1.024749
1.022558
1.019558
1.032942
1.043503
1.026763
1.042067
1.060418
1.025611
1.035097
1.001893
1.003553
1.039456
1.004286
0.998971
0.997211
1.076430
1.040553
1.057978
1.014349
1.022242
1.038831
1.026837
1.027894
1.049577
1.016402
1.056471
1.050573
1.039598
0.997897
1.034573
1.051802
1.030964
1.044971
1.058516
1.007066
1.021321
1.033410
1.006531
1.038782
1.016734
1.008116
1.046695
1.020910
0.989296
1.028391
1.035329
1.043099
1.062346
1.025388
1.020498
1.020423
1.019874
1.014210
1.035404
1.023787
1.045991
1.009596
1.015643
1.014346
1.034408
1.021613
1.033942
1.032877
1.050064
1.022481
1.069245
1.039319
1.022456
1.026529
0.997539
1.030144
1.003732
1.017037
1.003940
0.970042
1.041711
1.024362
1.037051
1.022189
0.986672
1.019871
1.019597
1.026150
0.989425
1.030467
1.037298
1.048197
1.061696
1.013829
1.033051
1.021471
1.020182
1.055673
0.999197
0.991499
1.018077
1.020374
1.027499
1.044720
1.019719
1.007527
1.040883
1.022626
1.036631
1.010767
1.017329
1.011061
1.019620
1.014585
1.026498
1.025322
1.009791
0.995092
0.998296
1.026949
1.030534
0.994173
0.999521
1.021579
1.052750
1.035026
1.040417
0.976884
0.980179
0.999603
1.022560
1.031547
1.006247
1.026020
1.052215
1.033044
0.994719
1.049785
1.011331
0.994271
1.020461
1.061991
1.065211
1.042892
1.030823
1.048193
1.021762
1.023754
1.018480
1.026667
1.003286
1.006090
1.013797
1.022661
1.015533
0.990361
1.042780
1.036118
0.996983
0.985879
1.032304
1.045656
1.049956
0.990771
0.986994
1.032927
1.026294
0.999637
0.997525
1.059797
1.011055
0.976304
0.997631
1.007555
1.043997
1.026698
1.015832
1.020919
1.016534
1.018805
1.003218
1.037193
1.021733
0.982756
0.996371
1.015554
1.014501
0.986526
0.996750
1.022087
0.973610
0.993235
1.006762
0.982984
0.998579
1.024577
1.012249
1.010949
0.993657
0.988827
1.027252
1.017981
1.005820
1.014800
1.025060
1.026685
0.982624
1.019292
0.986191
1.008603
1.018559
1.003976
1.012075
1.008869
1.017955
1.009042
0.987878
1.012127
0.990808
1.002258
1.018395
1.007780
0.988458
1.006849
1.033588
1.019386
1.002288
0.986950
1.007966
1.055811
0.987334
1.010594
1.027472
1.003204
1.012891
1.026389
1.021092
1.000222
1.004471
1.005027
0.995987
0.988132
1.013947
0.999391
1.023151
1.000824
1.006344
1.013892
0.999180
0.983651
0.984052
0.999496
0.978195
0.999826
1.004478
0.971621
0.985386
1.028994
0.994534
1.017295
0.973907
0.984692
0.988303
0.977288
1.008829
1.009716
0.999382
0.999315
0.984187
1.028083
0.998949
0.986279
0.999529
1.001396
0.996283
1.005582
1.025688
0.988336
1.015430
0.992978
0.986018
0.975255
0.994515
1.001622
0.972901
0.997091
0.997134
1.005636
1.013091
0.997333
0.989689
0.998990
0.975019
1.014842
1.024581
0.998850
1.010122
0.996341
1.001810
1.011896
0.996394
0.988736
0.989001
0.997647
0.989368
0.990715
1.011025
0.980193
0.985938
1.010143
0.991439
1.001791
0.967546
0.979758
1.016906
1.023473
0.989740
1.023787
0.999644
1.022442
1.012729
0.987544
0.971040
1.016139
1.021678
0.992664
0.985385
0.974620
0.984956
1.020318
0.995398
0.989527
1.015460
0.998918
0.984778
1.008485
1.007035
0.971271
0.998979
0.999034
1.033367
0.999136
0.996393
1.016902
1.013487
0.978284
1.010610
1.004197
0.977338
0.976590
1.002477
0.997683
0.978737
0.970165
0.982026
1.022771
0.997980
0.977256
1.018348
0.988883
0.987893
0.988245
1.006600
0.984998
0.962918
0.983364
1.026176
1.021029
1.013171
0.995246
0.970144
0.986687
0.977341
0.988521
0.993387
1.012705
0.988669
0.993461
1.002958
1.008376
0.991517
1.010572
0.996818
0.989907
0.998403
0.997339
0.977777
0.981302
0.959172
0.957963
0.993753
0.976051
0.989051
0.971421
0.994623
0.995933
0.987826
0.981463
0.984618
0.953288
0.987178
0.972164
0.974426
1.001577
0.983422
0.979370
0.993373
0.982680
0.974495
0.941302
0.949482
0.986292
0.996258
0.984016
0.961149
0.963814
0.968215
1.006720
0.992252
0.950315
0.974138
0.979601
0.968126
0.993457
0.960871
0.992865
1.000760
0.996690
0.969680
0.975370
0.979122
0.996820
0.968208
0.996653
0.968391
1.015628
0.976328
1.002569
0.983908
0.969678
1.003724
0.989699
0.979648
0.959050
0.979953
1.004660
0.990821
0.971324
0.992256
0.974123
0.966831
0.982402
0.985662
0.960827
0.991564
1.008536
0.981975
0.945057
0.958007
0.976277
0.997864
0.958315
0.951064
0.969085
0.995095
0.971624
0.961988
0.978196
1.006461
0.985991
0.977472
0.987331
0.979105
0.973866
0.976821
1.020732
0.978332
0.985339
0.970229
0.956259
0.964935
0.970781
1.011196
0.999293
0.995305
0.965522
0.986702
0.968768
0.992700
0.960196
0.985407
0.973434
0.987102
0.968334
0.964015
0.967939
0.962324
0.979855
0.977108
0.965493
0.990721
0.974169
0.954882
0.964937
0.978025
0.986250
0.997146
0.969302
0.967653
1.013974
0.959212
0.956389
0.992076
0.959707
0.997545
0.964309
0.979841
1.000172
0.967543
1.003134
0.986028
0.984202
0.966312
0.975963
0.964648
0.972667
0.990433
0.978330
0.955247
0.951869
0.982059
0.972270
0.975382
0.998905
0.994321
0.967214
0.963217
0.968246
0.971395
0.997531
0.956116
0.969545
0.973599
0.976400
0.985695
0.978629
0.977730
0.985503
0.968831
0.939855
0.973665
0.968106
0.978302
0.973224
0.988446
0.989302
0.991440
0.992811
0.963675
0.993497
1.004058
0.965969
0.972092
0.984048
0.982700
0.967326
0.959277
1.001959
0.975844
1.002830
0.987975
0.990459
0.990206
0.992634
0.955214
0.974414
0.982136
1.013950
1.009710
0.960917
0.968217
1.024674
0.980088
0.990225
0.976784
0.994313
0.980542
0.998403
1.007354
1.011472
0.983653
0.992016
0.991085
1.022416
1.003529
0.977627
1.006713
0.986658
0.986177
1.014143
0.992193
1.017665
0.990291
0.993768
0.966194
1.008908
1.007545
1.008328
1.008000
0.988816
0.987828
1.001384
1.001837
1.015176
0.985817
1.002624
1.013570
1.003784
0.997930
0.997647
1.029386
0.986026
0.992081
0.997998
0.968762
1.027429
1.013795
0.980985
0.988047
1.028044
1.020377
1.015648
1.008462
1.025023
1.051149
1.006376
1.016419
1.022376
1.002813
0.989250
0.992289
1.015064
0.994841
1.021584
1.013614
1.010261
0.956536
0.989214
1.015360
1.004695
0.991204
0.992406
1.005060
0.993966
0.997303
0.995248
1.014605
1.043949
1.011421
1.005923
1.033522
1.051849
1.002911
1.018233
1.024729
1.030231
1.041428
1.022267
1.023950
0.996858
1.048660
1.045782
1.012315
1.029705
1.036565
1.004464
1.027762
1.006015
1.019735
1.017728
0.988109
0.989036
1.048024
1.059627
1.053973
1.010454
1.017933
1.038651
1.036721
1.020060
1.009660
1.025586
1.042940
1.025090
1.010391
1.009024
1.033871
1.025284
1.004832
1.012591
1.031495
1.048335
1.021135
1.013612
1.021421
1.038865
1.039257
1.049016
1.026598
1.028409
1.033823
1.002935
1.019842
1.021284
1.065265
1.053600
1.035630
1.023935
1.042136
1.062504
1.007854
1.016874
1.012025
1.042810
1.034431
0.975002
1.018468
1.050832
1.025550
1.022834
1.029212
0.982550
1.013871
1.044071
1.022096
0.995049
1.006307
1.041239
1.032242
1.012389
0.996572
1.060418
1.070874
1.051255
1.066960
1.048065
1.074185
1.042341
1.018064
1.046451
1.054596
1.026264
1.016471
1.057178
1.046442
1.041452
1.042990
1.035980
1.031678
1.042696
1.066187
1.038872
1.050553
1.032290
1.031918
1.013317
1.024100
1.056060
1.050678
1.029452
1.020579
1.065773
1.065548
1.027596
1.041227
1.059659
1.062340
1.043692
1.009248
1.016834
1.024740
1.084106
1.050810
1.052443
1.046576
1.060763
1.053682
1.045827
1.043708
1.045791
1.068063
1.034656
1.047253
1.035156
1.077047
1.069047
1.050792
1.046258
1.053765
1.056087
1.021555
1.047407
1.035613
1.063224
1.041743
1.062582
1.042678
1.042733
1.062231
1.081444
1.046246
1.018148
1.092780
1.081900
1.027737
1.057984
1.046803
1.078935
1.050525
1.053068
1.057263
1.033942
1.036326
1.055414
1.053359
1.057738
1.064571
1.088434
1.059145
1.046204
1.058011
1.054270
1.044996
1.045993
1.042553
1.069558
1.054741
1.041951
1.020780
1.070347
1.050538
1.079629
1.026579
1.097323
1.038235
1.021254
1.059961
1.079359
1.070833
1.047504
1.064682
1.057685
1.068333
1.046746
1.052588
1.063425
1.081068
1.067701
1.066713
1.041052
1.047362
1.047148
1.067302
1.045631
1.054828
1.056899
1.054562
1.031273
1.048896
1.061760
1.080742
1.027633
1.020523
1.035622
1.073705
1.052118
1.062093
1.050318
1.059476
1.046512
1.045671
1.050094
1.054475
1.046595
1.038335
1.046244
1.064605
1.046692
1.045811
1.053098
1.046379
1.045712
1.053090
1.050896
1.065637
1.083236
1.069218
1.057293
1.075192
1.034970
1.040084
1.059276
1.038348
1.042931
1.038245
1.027026
1.080116
1.029310
1.048010
1.065655
1.033482
1.060862
1.091149
1.080974
1.058022
1.078730
1.039650
1.062925
1.080768
1.052422
1.050946
1.049036
1.084322
1.073996
1.041199
1.037475
1.072856
1.060893
1.047333
1.059011
1.054890
1.071925
1.047536
1.047493
1.096521
1.062973
1.034845
1.062801
1.088139
1.055355
1.062455
1.053131
1.049030
1.059322
1.047948
1.048702
1.031260
1.058955
1.034475
1.047899
1.052758
1.071292
1.061610
1.059771
1.026339
1.050927
1.053831
1.053631
1.052580
1.041411
1.085186
1.090783
1.031763
1.072903
1.061559
1.063776
1.047637
1.030985
1.052285
1.067709
1.059602
1.060509
1.029399
1.039769
1.060241
1.046953
1.063375
1.034069
1.030728
1.045068
1.069438
1.038181
1.025899
1.051525
1.052598
1.051595
1.031604
1.041097
1.059605
1.037753
1.046280
1.028600
1.035271
1.043326
1.058365
1.055022
1.026082
1.051651
1.043108
1.018385
1.031368
1.033423
1.047169
1.058820
1.050978
1.025963
1.062545
1.045742
1.041402
1.059828
1.042031
1.042208
1.011682
1.023357
1.045793
1.035784
1.026993
1.016162
1.035202
1.025340
1.050184
1.037071
1.080378
1.019562
1.040434
1.011703
1.040543
1.043429
1.035998
1.047548
1.027385
1.022989
1.033190
1.064341
1.005231
1.024985
1.053838
1.023877
1.035229
1.023160
1.064818
1.011219
1.068960
1.043943
1.026564
0.996016
1.023500
1.029727
1.031738
1.036750
1.026639
1.042682
1.028614
1.031397
1.026588
1.036341
1.041965
1.032138
1.023299
1.058206
1.058085
1.025321
1.018741
1.036377
1.031506
1.062411
1.067272
1.011760
1.023792
1.031652
1.025701
1.003828
1.034195
1.061238
1.030280
1.022775
1.052850
1.049031
1.036413
1.046381
1.052220
1.039122
1.028145
1.021048
1.022242
1.010882
1.009570
1.056274
1.032886
1.019629
1.035351
1.049320
1.003458
1.040477
1.026835
1.034251
1.019485
1.017263
1.007817
1.048823
1.027631
1.053389
1.020794
1.033477
1.023540
1.033928
1.018785
0.988212
1.066577
1.034816
0.987100
0.995472
1.061061
1.073717
1.027539
1.038390
1.019660
1.033905
1.014096
1.039141
1.039342
1.008280
1.002280
1.033769
0.997157
1.048337
1.027849
1.037689
1.027144
1.045925
1.040755
1.028403
1.004811
1.035815
1.025171
1.012905
1.021806
1.026558
1.021490
1.027161
1.019819
0.992670
1.026224
1.013430
1.033122
1.003727
1.041729
1.017274
1.014333
1.009730
1.021886
1.030949
1.026808
1.014192
1.017554
1.020469
1.027838
1.001829
1.021351
1.027258
1.064681
1.036021
0.997902
1.030766
1.051403
1.018941
1.007890
1.028508
1.037615
1.013765
1.014118
1.052234
1.023794
1.016765
1.032358
1.039674
0.999084
1.023921
1.027149
0.992112
1.029816
1.035874
1.008546
1.018586
0.971688
1.007645
1.035493
1.010807
1.021679
1.019515
1.029974
1.016092
1.012629
1.015270
1.043844
1.020043
1.034745
1.007630
1.030495
0.998709
1.012969
1.029166
1.005840
0.992123
1.031306
1.018579
1.015621
1.018473
1.023474
1.044420
1.035074
1.002353
1.002797
1.006017
0.987704
0.998809
0.995308
1.030776
1.016845
1.019126
1.014908
1.009570
1.051265
1.001037
1.014326
0.989510
0.998801
1.006958
1.012965
1.026199
0.999504
1.000223
1.000251
1.017029
1.019023
1.026386
0.975320
0.990578
1.013339
0.990132
1.001871
0.990139
1.024816
0.992504
0.998898
0.977470
1.013355
1.002741
1.021545
0.995657
1.001445
1.022871
1.009389
1.005748
0.988349
1.031947
1.003443
1.015324
0.991503
0.977641
1.000770
1.030151
0.973351
0.979353
0.995489
1.006248
1.015793
1.004093
0.981854
1.019374
1.030365
0.983348
0.991551
1.022048
1.009419
1.024705
1.013891
0.987776
1.016481
1.000444
1.013556
1.000628
0.984134
1.001403
1.000739
1.000883
0.999073
0.999791
0.982240
1.012774
0.993216
0.997460
0.955075
1.004337
1.001902
0.989094
1.016830
1.002471
1.017961
0.976068
0.995740
1.016063
1.012390
0.988949
1.009643
0.995790
1.007562
0.986097
0.995045
1.005388
0.996898
0.985427
0.992381
0.998023
1.031416
0.983681
0.981439
1.016459
1.017348
0.996472
0.985348
0.986990
0.974144
0.982254
0.995106
0.977352
0.998064
0.997534
1.009041
1.001316
0.965128
0.977243
0.956418
1.011564
0.982992
0.999931
0.990029
1.000551
0.984922
0.985499
0.982587
0.988058
0.988681
1.009005
0.973851
0.976771
1.007360
1.001277
0.986499
1.001138
1.018345
1.009347
0.999164
0.991424
1.004410
0.980144
0.973092
0.997937
0.975058
0.967032
0.984874
1.002075
0.975040
0.994711
0.993323
1.009217
0.999391
0.951071
0.998616
0.984730
1.020147
0.995225
0.987612
0.995952
0.966033
0.976996
0.978620
0.992512
0.966793
0.964691
0.952542
0.992569
0.985466
0.954168
0.988221
0.987844
0.960730
0.974529
0.978414
0.984553
0.969158
0.968178
0.996498
1.004236
0.964482
0.975715
1.012402
1.005592
0.976642
0.981924
0.979972
0.989018
0.955672
0.978084
0.980362
0.963046
0.965445
0.976448
0.990576
0.989821
0.965449
0.979833
1.002004
0.981399
0.962707
0.946562
0.996043
1.008787
0.933549
0.963158
1.025958
1.010531
0.940877
0.981712
0.968506
1.013097
0.974447
0.993880
0.978179
0.990766
1.010349
0.971071
0.992457
0.979836
1.007857
0.950114
0.987517
0.961722
1.005981
0.994506
0.942433
1.002069
0.979473
1.011066
0.971191
0.953152
0.959352
1.018058
0.987169
0.938237
0.988811
0.982582
1.003737
0.961124
0.936617
0.961928
0.959198
0.978131
0.969466
0.939206
0.973400
0.975377
0.964035
0.938022
0.962006
1.009205
0.971828
0.973008
0.979231
0.985444
0.966572
0.947713
0.939506
0.964319
1.002019
0.947548
0.943842
0.966045
0.954089
0.961404
0.930109
0.944773
0.971492
0.984233
0.967001
0.932607
0.968448
0.975833
0.967566
0.960368
0.959321
0.960885
0.993316
0.977313
0.963040
0.959745
0.951418
0.951074
1.007095
0.948018
0.941922
0.964670
0.992724
0.946835
0.956385
0.953982
0.950720
0.967885
0.963156
0.968482
0.963636
0.952302
0.980614
0.958523
0.944829
0.973323
0.956942
0.961588
0.944437
0.959597
0.959929
0.947255
0.939305
0.949252
0.953884
0.978486
0.941987
0.935833
0.974287
0.945952
0.951850
0.959559
0.935416
0.972419
0.959817
0.924236
0.959557
0.939867
0.975989
0.960212
0.969307
0.928255
0.952802
0.967401
0.959785
0.949673
0.941476
0.956485
0.968153
0.941969
0.938381
0.945361
0.944644
0.964908
0.929549
0.947450
0.949233
0.952789
0.930314
0.952975
0.945580
0.924933
0.950418
0.959142
0.959499
0.918522
0.928178
0.960246
0.944226
0.920072
0.903913
0.937826
0.937676
0.951417
0.943116
0.947220
0.957076
0.924615
0.944281
0.914313
0.959929
0.933992
0.913325
0.929452
0.939661
0.951744
0.915998
0.918496
0.951874
0.954654
0.956689
0.938343
0.947015
0.943048
0.942080
0.926630
0.911570
0.968723
0.959482
0.926407
0.891473
0.954828
0.945899
0.932219
0.935638
0.950149
0.938418
0.913184
0.935858
0.921000
0.923272
0.950565
0.941751
0.937074
0.950084
0.931408
0.958680
0.919241
0.932432
0.937153
0.931891
0.924016
0.926892
0.929822
0.949515
0.931095
0.908120
0.929760
0.942903
0.931270
0.938388
0.942231
0.943800
0.912658
0.939644
0.929053
0.931861
0.924084
0.931665
0.925141
0.945316
0.931625
0.923136
0.896756
0.894541
0.945515
0.927225
0.899317
0.939412
0.940833
0.932107
0.901680
0.923191
0.919219
0.943316
0.915130
0.920363
0.923987
0.906269
0.954046
0.940521
0.917523
0.916836
0.918702
0.900008
0.887573
0.955375
0.940486
0.889755
0.917183
0.929374
0.941777
0.920309
0.928392
0.919615
0.918676
0.929150
0.919103
0.934939
0.932022
0.925684
0.935874
0.928517
0.920094
0.923344
0.966121
0.930072
0.894740
0.920039
0.913140
0.918957
0.905633
0.918999
0.924096
0.900777
0.921670
0.915354
0.925920
0.914904
0.923702
0.899011
0.903570
0.920556
0.894213
0.871632
0.924431
0.912294
0.923154
0.917774
0.914380
0.929188
0.921295
0.939513
0.901064
0.906871
0.911102
0.935313
0.919420
0.931242
0.911341
0.902498
0.916210
0.916876
0.944910
0.938212
0.884632
0.942812
0.904846
0.904085
0.901407
0.889059
0.898345
0.892186
0.923352
0.913788
0.893149
0.916596
0.941491
0.923814
0.891332
0.914589
0.905814
0.894432
0.885559
0.879294
0.893790
0.903927
0.891637
0.904668
0.902778
0.888538
0.888554
0.906116
0.903347
0.904321
0.898947
0.899858
0.899313
0.903200
0.898034
0.903326
0.926822
0.906166
0.898056
0.881482
0.902249
0.892799
0.906750
0.893678
0.900248
0.880980
0.904274
0.905329
0.907191
0.922815
0.909912
0.887525
0.907859
0.885595
0.882751
0.903375
0.911986
0.857582
0.896807
0.856169
0.889416
0.898426
0.909112
0.870913
0.890171
0.879973
0.887752
0.881642
0.899906
0.903310
0.898095
0.907479
0.903418
0.894592
0.869382
0.931051
0.902116
0.887405
0.877033
0.894283
0.902323
0.884967
0.888621
0.908540
0.913058
0.888929
0.887966
0.906259
0.877002
0.914688
0.886488
0.885578
0.917314
0.892353
0.883837
0.889369
0.880198
0.867961
0.913689
0.872056
0.891159
0.926073
0.871199
0.870076
0.876403
0.868303
0.901996
0.913166
0.913047
0.891905
0.896608
0.914470
0.887087
0.881936
0.881433
0.914397
0.927206
0.876728
0.904326
0.907634
0.885194
0.864989
0.864370
0.875266
0.889874
0.885335
0.873322
0.943707
0.898958
0.891030
0.883573
0.879356
0.907691
0.861487
0.888411
0.924280
0.870839
0.879126
0.878771
0.870341
0.872764
0.882258
0.873070
0.883094
0.871167
0.887683
0.920043
0.918355
0.865919
0.839502
0.905853
0.889716
0.848068
0.879021
0.887032
0.872120
0.895441
0.895142
0.877467
0.874389
0.856215
0.859150
0.878211
0.870637
0.834925
0.872033
0.888341
0.896949
0.856776
0.884214
0.864046
0.902899
0.874810
0.850070
0.928215
0.884244
0.855266
0.858466
0.920444
0.896721
0.869260
0.892040
0.873758
0.877872
0.913912
0.900086
0.879065
0.891044
0.910512
0.858606
0.886399
0.881781
0.875085
0.898078
0.881044
0.882535
0.821023
0.883605
0.879031
0.869297
0.862872
0.898626
0.874009
0.854428
0.879587
0.897291
0.833913
0.888719
0.902217
0.867186
0.887494
0.907293
0.888008
0.850193
0.836432
0.920519
0.898491
0.856192
0.876189
0.932546
0.869132
0.852120
0.895432
0.932110
0.900904
0.881198
0.878462
0.911370
0.915572
0.838629
0.851942
0.904674
0.896667
0.811397
0.872043
0.906190
0.884891
0.865429
0.898409
0.871970
0.922813
0.890317
0.841043
0.839818
0.858033
0.871540
0.849025
0.886197
0.901460
0.867628
0.859861
0.868188
0.888172
0.865845
0.889097
0.855035
0.905506
0.890091
0.861338
0.901799
0.892437
0.833125
0.864186
0.878288
0.896564
0.863115
0.823735
0.880259
0.865041
0.876807
0.865353
0.859354
0.864030
0.882117
0.879666
0.853723
0.885090
0.878492
0.862548
0.836584
0.893497
0.861056
0.896525
0.863089
0.853133
0.879969
0.874624
0.856092
0.871005
0.862673
0.875208
0.946571
0.845334
0.849995
0.873955
0.859478
0.859921
0.837735
0.894337
0.883300
0.856486
0.852894
0.856579
0.893420
0.858241
0.867980
0.856472
0.851676
0.839934
0.895992
0.862117
0.852660
0.823830
0.896149
0.861509
0.875168
0.846984
0.894576
0.896685
0.887627
0.868441
0.837991
0.871527
0.852851
0.884364
0.856132
0.842507
0.850463
0.886640
0.873348
0.900763
0.851539
0.856665
0.840598
0.866586
0.847569
0.872075
0.830967
0.834707
0.911926
0.862312
0.841074
0.850020
0.879545
0.851556
0.867265
0.854685
0.862779
0.879700
0.825199
0.873292
0.829615
0.845740
0.886814
0.867772
0.852821
0.844603
0.874558
0.882533
0.895345
0.874501
0.879129
0.853925
0.884469
0.868785
0.854298
0.883973
0.885638
0.860728
0.840131
0.846503
0.894986
0.852133
0.841822
0.873449
0.884111
0.872335
0.818795
0.859030
0.845887
0.849373
0.817865
0.851211
0.887684
0.875695
0.817758
0.866269
0.869302
0.845863
0.794453
0.831506
0.862772
0.877023
0.830745
0.834710
0.896729
0.855680
0.852118
0.850411
0.849301
0.865801
0.814761
0.861807
0.886649
0.865192
0.848449
0.857452
0.830992
0.855725
0.845639
0.887615
0.843289
0.855314
0.882162
0.883748
0.866337
0.886848
0.870727
0.839046
0.856105
0.864940
0.837829
0.859126
0.872508
0.810503
0.869379
0.800201
0.841182
0.883127
0.900622
0.842347
0.903603
0.858169
0.836497
0.838148
0.861013
0.868796
0.868067
0.853924
0.856034
0.861612
0.813590
0.883140
0.881984
0.856356
0.813626
0.847770
0.844182
0.877585
0.828298
0.846753
0.838409
0.839589
0.883487
0.841739
0.873760
0.872843
0.909698
0.861220
0.829475
0.849814
0.888105
0.863639
0.849677
0.854680
0.891301
0.906808
0.815390
0.864204
0.870888
0.860894
0.867789
0.848989
0.871174
0.849053
0.884112
0.865729
0.808856
0.859491
0.830143
0.847200
0.900975
0.866990
0.860697
0.841211
0.911547
0.828127
0.831945
0.849368
0.877511
0.803427
0.849474
0.848997
0.869576
0.838853
0.849830
0.897690
0.895810
0.824017
0.848289
0.862870
0.847733
0.873947
0.867947
0.866132
0.849978
0.847862
0.824085
0.851587
0.893456
0.862239
0.863739
0.848751
0.869996
0.851493
0.860872
0.849865
0.862054
0.925229
0.886374
0.858962
0.867744
0.883897
0.826639
0.853633
0.817466
0.909081
0.868816
0.853117
0.883596
0.859164
0.848445
0.864115
0.895127
0.843670
0.857742
0.908818
0.882845
0.849960
0.807915
0.863994
0.885419
0.898330
0.834329
0.834452
0.875587
0.857958
0.838131
0.860415
0.911614
0.843251
0.863056
0.843421
0.860785
0.864187
0.882978
0.869474
0.881978
0.863080
0.886195
0.870045
0.877571
0.910625
0.852440
0.930247
0.818314
0.898446
0.866880
0.865681
0.818286
0.823681
0.845907
0.865285
0.844234
0.833404
0.859202
0.852625
0.814948
0.839390
0.862073
0.892328
0.839348
0.887483
0.861217
0.853979
0.863777
0.801963
0.814976
0.847249
0.816488
0.857591
0.838585
0.816881
0.899087
0.834432
0.817671
0.868434
0.865992
0.843081
0.824341
0.845715
0.866237
0.848927
0.875916
0.873235
0.878129
0.835553
0.840979
0.834857
0.832752
0.803687
0.854080
0.814782
0.827009
0.839371
0.896195
0.849263
0.795653
0.830048
0.837631
0.822060
0.852262
0.776262
0.823581
0.842826
0.829289
0.846699
0.888308
0.864233
0.875784
0.852738
0.818350
0.842585
0.840663
0.863320
0.854663
0.847798
0.850692
0.888808
0.831601
0.834361
0.889708
0.796351
0.803482
0.818249
0.833585
0.803635
0.831958
0.822344
0.875279
0.874085
0.786977
0.819692
0.856518
0.856963
0.772588
0.804249
0.849604
0.827378
0.846525
0.794899
0.872509
0.812322
0.839625
0.815658
0.804061
0.841950
0.850752
0.828723
0.818369
0.828706
0.839468
0.827051
0.825107
0.829459
0.809625
0.816952
0.803470
0.853691
0.876254
0.799267
0.777356
0.831179
0.816794
0.832212
0.823209
0.836054
0.824246
0.841602
0.837290
0.758803
0.857748
0.877638
0.807252
0.813500
0.844740
0.846186
0.809890
0.799121
0.843635
0.849698
0.821511
0.828494
0.814344
0.806879
0.837245
0.824178
0.833848
0.810617
0.855494
0.784642
0.806657
0.833811
0.793824
0.808463
0.775076
0.787373
0.814458
0.827693
0.852856
0.796930
0.823866
0.825579
0.835827
0.815757
0.834356
0.806927
0.844246
0.807114
0.773673
0.866694
0.846122
0.739019
0.788449
0.793940
0.812013
0.807847
0.814162
0.794722
0.838489
0.791924
0.811472
0.807752
0.795185
0.842646
0.780736
0.759377
0.823969
0.819559
0.817743
0.836079
0.794899
0.821420
0.792078
0.796732
0.846623
0.809593
0.789033
0.806036
0.833863
0.822006
0.791741
0.726845
0.835918
0.804137
0.796805
0.798756
0.827938
0.855313
0.794778
0.809714
0.794694
0.814545
0.815507
0.806626
0.838720
0.836162
0.830508
0.822583
0.815837
0.833530
0.828549
0.796179
0.739822
0.793525
0.824012
0.775771
0.794351
0.739807
0.760658
0.790819
0.820734
0.791412
0.810936
0.787391
0.798993
0.816004
0.753791
0.810345
0.766114
0.795736
0.827515
0.801104
0.787477
0.809240
0.758333
0.825386
0.788308
0.820277
0.766298
0.782425
0.778623
0.795324
0.827302
0.771651
0.820178
0.750462
0.826787
0.786957
0.813337
0.815221
0.813494
0.751802
0.773756
0.814766
0.770181
0.817659
0.810525
0.773978
0.821271
0.798591
0.755690
0.780233
0.835977
0.754145
0.775882
0.823664
0.778775
0.816514
0.816427
0.817163
0.818097
0.821706
0.811005
0.805165
0.788558
0.860775
0.754826
0.735915
0.721533
0.787477
0.756121
0.797912
0.812998
0.776744
0.829870
0.812413
0.760990
0.792194
0.783703
0.803335
0.816697
0.765697
0.732360
0.778184
0.840334
0.782908
0.789700
0.830703
0.759499
0.814716
0.764440
0.778577
0.753127
0.811091
0.795982
0.758772
0.800722
0.775327
0.819533
0.736993
0.765303
0.824835
0.793552
0.787505
0.789075
0.790468
0.753897
0.785414
0.783953
0.775681
0.783018
0.806658
0.755122
0.759669
0.772828
0.760866
0.850751
0.765884
0.771340
0.800232
0.809969
0.805700
0.750262
0.759760
0.772422
0.800034
0.746169
0.758419
0.770096
0.805665
0.774126
0.802889
0.790872
0.797864
0.742290
0.781935
0.793100
0.792696
0.810215
0.753790
0.729549
0.784336
0.741705
0.791803
0.750200
0.752787
0.777586
0.764377
0.736567
0.769348
0.767034
0.747868
0.788070
0.775404
0.774454
0.786414
0.738055
0.792265
0.734850
0.768838
0.720463
0.683635
0.730705
0.788797
0.792338
0.744157
0.761681
0.797509
0.765149
0.789828
0.750341
0.743266
0.779035
0.787654
0.744147
0.764067
0.768395
0.744541
0.758211
0.696651
0.740462
0.785630
0.799518
0.783895
0.730688
0.711457
0.759760
0.758994
0.752326
0.718737
0.777917
0.789903
0.752337
0.776996
0.747148
0.780118
0.730141
0.740211
0.758419
0.779192
0.758040
0.735273
0.726860
0.774422
0.698149
0.755474
0.729264
0.787387
0.688188
0.685172
0.748659
0.731789
0.700440
0.736615
0.766125
0.750064
0.749478
0.721802
0.744991
0.770683
0.772811
0.762602
0.729653
0.722106
0.706185
0.686749
0.738133
0.740503
0.712454
0.740142
0.708961
0.768812
0.749647
0.785190
0.769379
0.747324
0.732442
0.708862
0.724314
0.740705
0.718732
0.760748
0.691951
0.717606
0.753342
0.711307
0.752611
0.759508
0.746758
0.736376
0.748004
0.741647
0.709732
0.740691
0.722580
0.766192
0.747318
0.750363
0.742400
0.762848
0.804049
0.730163
0.713766
0.705225
0.735227
0.726472
0.743012
0.734575
0.682782
0.776805
0.740953
0.735252
0.726700
0.719671
0.737433
0.771695
0.723232
0.707472
0.707620
0.727009
0.748992
0.754599
0.766013
0.724484
0.737361
0.733615
0.737851
0.737461
0.757474
0.697782
0.730134
0.788187
0.746959
0.736061
0.786140
0.732034
0.671696
0.734570
0.738771
0.756789
0.772758
0.670145
0.717985
0.759460
0.713647
0.742895
0.738870
0.719338
0.697487
0.746352
0.757811
0.755127
0.723474
0.734917
0.723161
0.705358
0.724383
0.729192
0.710970
0.722611
0.716044
0.694386
0.734292
0.723902
0.724599
0.784877
0.806481
0.714067
0.712628
0.765349
0.726299
0.766850
0.746454
0.704715
0.752021
0.728071
0.661392
0.760887
0.719704
0.709841
0.733151
0.709927
0.715195
0.708580
0.707259
0.743055
0.775507
0.688482
0.742998
0.695994
0.764400
0.739379
0.730984
0.717103
0.716140
0.706708
0.697015
0.727748
0.702594
0.700471
0.747001
0.679771
0.718329
0.677630
0.729107
0.767177
0.745515
0.690361
0.751249
0.758871
0.729674
0.678228
0.690496
0.713974
0.741081
0.740482
0.662212
0.735846
0.708839
0.754559
0.697802
0.690572
0.715588
0.756026
0.747567
0.750795
0.757678
0.729113
0.733240
0.655238
0.704445
0.733642
0.740133
0.726609
0.695647
0.712384
0.701659
0.692577
0.699873
0.701570
0.716927
0.679144
0.699793
0.693908
0.749546
0.731203
0.689225
0.725370
0.683722
0.692666
0.710501
0.701102
0.771954
0.731042
0.662024
0.667328
0.683621
0.704865
0.751666
0.703079
0.713676
0.691614
0.723216
0.688186
0.740181
0.707715
0.690096
0.694265
0.623149
0.714132
0.774677
0.685510
0.705834
0.685495
0.706664
0.713591
0.674582
0.685471
0.702351
0.692394
0.680192
0.686132
0.687965
0.697396
0.708170
0.701892
0.685883
0.710250
0.750235
0.660301
0.599692
0.697874
0.678507
0.682016
0.668338
0.676657
0.705672
0.713137
0.619145
0.680576
0.752703
0.712855
0.709669
0.680190
0.686548
0.694938
0.714677
0.704277
0.653143
0.653994
0.689667
0.661864
0.647873
0.707619
0.679145
0.701834
0.678814
0.648080
0.716701
0.680321
0.685930
0.667418
0.686331
0.717488
0.687920
0.622429
0.633116
0.709146
0.637062
0.710997
0.680787
0.717169
0.740682
0.673589
0.683898
0.631740
0.708999
0.708315
0.682102
0.697537
0.672878
0.646605
0.694767
0.676749
0.674696
0.685366
0.676829
0.693506
0.718094
0.643804
0.687925
0.700439
0.715686
0.658812
0.646110
0.607737
0.699259
0.658379
0.702708
0.618044
0.661646
0.700797
0.696887
0.674499
0.658233
0.658956
0.734549
0.664796
0.622774
0.700025
0.663230
0.654423
0.649485
0.614312
0.627234
0.657889
0.679502
0.689304
0.688056
0.633052
0.659223
0.653289
0.614342
0.702229
0.687471
0.648099
0.703625
0.680617
0.665844
0.641523
0.727862
0.668995
0.606948
0.690056
0.669638
0.607610
0.694917
0.616839
0.629358
0.612495
0.692289
0.705535
0.668188
0.682346
0.633944
0.661787
0.695221
0.685471
0.654798
0.635148
0.626205
0.676128
0.645405
0.585643
0.668436
0.637867
0.628797
0.637974
0.718228
0.675770
0.644954
0.662647
0.613713
0.642039
0.648697
0.642075
0.588539
0.638659
0.634709
0.626333
0.658889
0.670333
0.624827
0.603274
0.632707
0.646471
0.618660
0.632685
0.587905
0.643817
0.627743
0.657248
0.663773
0.645502
0.640924
0.594222
0.649072
0.599403
0.631089
0.630547
0.646805
0.581892
0.594738
0.634629
0.636817
0.641964
0.634596
0.648408
0.661056
0.667332
0.662316
0.587473
0.651458
0.695895
0.636943
0.623107
0.653061
0.648047
0.658697
0.683939
0.647862
0.683656
0.656010
0.638646
0.605170
0.635546
0.652599
0.661207
0.616920
0.630622
0.596207
0.668912
0.655677
0.678434
0.643738
0.607723
0.578662
0.659856
0.622238
0.621758
0.607843
0.553187
0.589602
0.657545
0.626268
0.581184
0.609185
0.604805
0.613557
0.652709
0.580464
0.638767
0.627229
0.655041
0.626379
0.618079
0.627673
0.647136
0.600544
0.598385
0.618056
0.616104
0.627877
0.610458
0.624004
0.638962
0.637926
0.642070
0.589320
0.567422
0.564725
0.606436
0.652195
0.624722
0.561731
0.595945
0.622693
0.643476
0.647580
0.606078
0.619494
0.607351
0.619240
0.640044
0.623544
0.631010
0.620463
0.604229
0.650097
0.626030
0.595465
0.612768
0.592602
0.586618
0.603594
0.623636
0.597293
0.565681
0.601930
0.561416
0.585704
0.584421
0.588276
0.571216
0.615283
0.628002
0.631558
0.618976
0.574043
0.556736
0.572549
0.615747
0.636443
0.581161
0.580156
0.569516
0.588467
0.599075
0.622742
0.577110
0.619234
0.620459
0.614507
0.601229
0.578011
0.582741
0.602954
0.592960
0.560088
0.576625
0.608906
0.565599
0.581859
0.584606
0.570469
0.604661
0.538762
0.527324
0.550399
0.570420
0.584796
0.588078
0.573164
0.568288
0.572901
0.652413
0.623752
0.589705
0.555835
0.565427
0.572776
0.585073
0.573115
0.566831
0.571236
0.572544
0.619268
0.596561
0.563628
0.551725
0.540473
0.595613
0.603812
0.576031
0.574799
0.541363
0.543256
0.616649
0.572857
0.555654
0.562895
0.583898
0.588832
0.585375
0.574225
0.571756
0.642501
0.625387
0.613489
0.550626
0.591208
0.576629
0.559462
0.543100
0.554856
0.534661
0.529417
0.508325
0.569269
0.569131
0.605473
0.565179
0.611713
0.556076
0.614875
0.540728
0.548634
0.625287
0.567178
0.604914
0.537803
0.609713
0.570385
0.549620
0.583209
0.610376
0.504624
0.534301
0.551612
0.552738
0.574387
0.580815
0.509177
0.575197
0.586884
0.539261
0.545319
0.524422
0.532379
0.573060
0.619652
0.501874
0.540574
0.579085
0.564313
0.543308
0.590687
0.565723
0.507264
0.520914
0.550392
0.603204
0.623646
0.570467
0.578780
0.575433
0.628128
0.500985
0.573182
0.553152
0.564133
0.559534
0.567500
0.553557
0.544565
0.561990
0.551864
0.523099
0.555895
0.591881
0.555440
0.523823
0.586779
0.541929
0.538183
0.543208
0.565356
0.546469
0.581518
0.519690
0.535721
0.529606
0.566097
0.576898
0.591528
0.549434
0.579537
0.551679
0.521628
0.522078
0.570289
0.540425
0.527744
0.514322
0.542720
0.558460
0.578662
0.543404
0.518829
0.497594
0.517014
0.537125
0.537786
0.542105
0.525230
0.544305
0.547441
0.493972
0.489373
0.509082
0.530793
0.535318
0.517571
0.534369
0.529350
0.598893
0.506031
0.489505
0.498620
0.464470
0.517324
0.550041
0.555180
0.531862
0.522055
0.511953
0.551541
0.525682
0.572943
0.496177
0.553560
0.526267
0.529580
0.534661
0.514056
0.547341
0.562763
0.545810
0.557455
0.526174
0.477964
0.525620
0.519831
0.555685
0.525435
0.545336
0.499004
0.513149
0.504640
0.511610
0.538856
0.532785
0.477738
0.505392
0.541578
0.525880
0.527924
0.574429
0.515366
0.524335
0.499002
0.522992
0.524053
0.498342
0.559666
0.531688
0.541611
0.532620
0.532636
0.535356
0.511202
0.495259
0.522928
0.503532
0.499916
0.470655
0.494271
0.523077
0.546807
0.504600
0.514849
0.524193
0.520165
0.505906
0.522314
0.550578
0.499635
0.508808
0.553564
0.576533
0.517474
0.527155
0.511763
0.506199
0.541965
0.545009
0.527916
0.534303
0.521455
0.543892
0.495921
0.510400
0.520894
0.512701
0.560897
0.509801
0.525963
0.547348
0.493345
0.517171
0.514476
0.523789
0.525325
0.536434
0.546823
0.501138
0.484231
0.501074
0.493759
0.493850
0.508230
0.524110
0.520286
0.492181
0.463275
0.499365
0.510974
0.521478
0.532930
0.545514
0.535347
0.475465
0.537917
0.515856
0.498872
0.523337
0.503343
0.513762
0.462830
0.512330
0.492443
0.530416
0.507685
0.516580
0.516212
0.545121
0.522090
0.544849
0.473102
0.515332
0.559569
0.498913
0.480644
0.497476
0.524557
0.508095
0.541829
0.533519
0.540832
0.441539
0.463564
0.488783
0.543966
0.535094
0.508570
0.480618
0.473363
0.490714
0.554274
0.535438
0.487380
0.497954
0.467521
0.466095
0.540838
0.562366
0.502135
0.496520
0.467595
0.569189
0.520849
0.502201
0.489544
0.506474
0.505543
0.551972
0.467049
0.506579
0.550779
0.456360
0.501458
0.510523
0.546751
0.499838
0.535193
0.504527
0.488992
0.491678
0.469620
0.524710
0.486110
0.506454
0.512078
0.485040
0.516237
0.496081
0.520223
0.521004
0.557491
0.499084
0.490438
0.510484
0.501084
0.541651
0.519797
0.504537
0.481644
0.478316
0.480368
0.495203
0.477854
0.507117
0.505426
0.467328
0.508415
0.502710
0.523047
0.487813
0.480394
0.475907
0.520381
0.498319
0.539417
0.494295
0.475982
0.484694
0.488933
0.535212
0.499156
0.502603
0.503074
0.522385
0.578107
0.544540
0.514494
0.474772
0.500224
0.545106
0.545006
0.509466
0.492461
0.484377
0.464332
0.472061
0.539236
0.493349
0.527957
0.502527
0.444908
0.469567
0.515073
0.481154
0.461658
0.483642
0.521307
0.462244
0.476947
0.483643
0.499407
0.467081
0.538959
0.447753
0.516309
0.530653
0.492578
0.511216
0.504658
0.485753
0.447339
0.449713
0.535592
0.497653
0.489568
0.481681
0.432644
0.467450
0.474948
0.509512
0.553961
0.486676
0.464261
0.507321
0.489982
0.503750
0.512788
0.482177
0.538157
0.463429
0.439642
0.467727
0.472739
0.549444
0.489452
0.485005
0.489821
0.479685
0.435928
0.486287
0.504076
0.463098
0.406556
0.443073
0.484583
0.504650
0.485043
0.458938
0.432579
0.482547
0.481178
0.458241
0.476551
0.467902
0.492641
0.504879
0.488453
0.433216
0.481537
0.492479
0.526969
0.507368
0.446762
0.473940
0.432126
0.508198
0.483210
0.508303
0.519955
0.488722
0.492464
0.469150
0.432722
0.471711
0.463786
0.479627
0.499983
0.500354
0.474908
0.495520
0.480448
0.491522
0.525606
0.455626
0.483781
0.478987
0.511732
0.485302
0.487767
0.478061
0.430880
0.473689
0.476315
0.489975
0.491279
0.476563
0.485336
0.437381
0.429790
0.453807
0.423358
0.477246
0.449105
0.487539
0.508286
0.480706
0.488508
0.417567
0.439779
0.483479
0.490709
0.458528
0.437373
0.418052
0.483119
0.429773
0.470228
0.439641
0.425729
0.420087
0.489962
0.543643
0.429714
0.482347
0.455447
0.423580
0.491086
0.449450
0.466850
0.436819
0.452762
0.408803
0.425660
0.464095
0.434060
0.420595
0.510123
0.440584
0.456590
0.522618
0.500217
0.499222
0.444861
0.435846
0.464480
0.430382
0.440294
0.459019
0.446917
0.460763
0.429409
0.464210
0.446110
0.452648
0.471976
0.510675
0.416196
0.439081
0.415668
0.448287
0.492043
0.447439
0.443127
0.473175
0.474620
0.472219
0.485167
0.414935
0.435973
0.419323
0.440699
0.368731
0.460925
0.493751
0.464914
0.468799
0.422549
0.475758
0.423141
0.435632
0.431331
0.448641
0.417336
0.425777
0.423108
0.446480
0.420028
0.444629
0.466058
0.409680
0.428619
0.446355
0.425894
0.460553
0.445453
0.408468
0.401735
0.416085
0.436710
0.468997
0.453608
0.427403
0.438932
0.391893
0.432514
0.419050
0.417566
0.368637
0.484663
0.463389
0.440557
0.455360
0.441308
0.447094
0.448156
0.429311
0.413079
0.414664
0.424688
0.459395
0.413298
0.458401
0.457161
0.430738
0.449806
0.443154
0.417423
0.411928
0.393075
0.411497
0.454544
0.431212
0.429698
0.457234
0.427449
0.445923
0.415460
0.438928
0.449461
0.449705
0.394691
0.395944
0.367205
0.391316
0.424368
0.421948
0.452334
0.434512
0.442563
0.446911
0.436312
0.432997
0.413660
0.507266
0.392930
0.411554
0.430051
0.440843
0.455212
0.423164
0.408183
0.438506
0.464537
0.439458
0.432380
0.404997
0.443811
0.423138
0.391958
0.412206
0.413482
0.442045
0.396205
0.383807
0.387328
0.403292
0.446962
0.489572
0.431060
0.410833
0.467302
0.406717
0.436201
0.428039
0.419062
0.410812
0.402300
0.440123
0.460831
0.399296
0.407351
0.439100
0.469803
0.406739
0.429121
0.409851
0.427630
0.412977
0.410973
0.431098
0.421221
0.398455
0.446160
0.464652
0.403248
0.423587
0.399985
0.370519
0.455798
0.409045
0.370503
0.364029
0.410919
0.413307
0.426614
0.458327
0.411430
0.385548
0.404820
0.414064
0.403914
0.415594
0.384934
0.405384
0.389019
0.409075
0.406655
0.426206
0.389968
0.448337
0.401227
0.400144
0.439604
0.424212
0.412674
0.406074
0.391166
0.430027
0.428656
0.385307
0.410004
0.444098
0.405222
0.440464
0.425834
0.421876
0.382024
0.403049
0.427490
0.376581
0.434814
0.407464
0.376342
0.400620
0.424827
0.418398
0.414059
0.408504
0.372332
0.407240
0.396673
0.432624
0.422687
0.359119
0.386343
0.448982
0.427331
0.380764
0.384452
0.404970
0.408592
0.380632
0.392500
0.383790
0.389591
0.401944
0.407697
0.431695
0.413562
0.408390
0.381731
0.395743
0.420096
0.408131
0.417569
0.398404
0.362816
0.400220
0.375995
0.377188
0.419307
0.385992
0.387672
0.378648
0.413456
0.361062
0.375909
0.409741
0.385791
0.395189
0.427195
0.411580
0.447867
0.404849
0.359094
0.408080
0.418773
0.414333
0.366438
0.407806
0.388692
0.396731
0.358417
0.407654
0.420553
0.392540
0.430948
0.398931
0.385412
0.369585
0.377785
0.410258
0.359819
0.372800
0.372459
0.398132
0.404938
0.417499
0.398592
0.402474
0.379445
0.388645
0.412107
0.356037
0.356105
0.386559
0.383621
0.355054
0.372116
0.371234
0.403203
0.345991
0.373485
0.370893
0.388472
0.338218
0.349253
0.385157
0.375487
0.380981
0.351746
0.382765
0.385108
0.373232
0.368462
0.357157
0.336595
0.382733
0.377125
0.394005
0.384130
0.425875
0.394032
0.380443
0.404555
0.372514
0.414710
0.405528
0.388357
0.431936
0.410433
0.416122
0.417100
0.422595
0.384221
0.365170
0.403379
0.340890
0.381713
0.380421
0.374483
0.384295
0.378456
0.325015
0.367558
0.375469
0.398042
0.379664
0.377833
0.353477
0.352513
0.329707
0.365626
0.371814
0.343181
0.389254
0.397508
0.376076
0.400054
0.381483
0.369650
0.383022
0.374980
0.346375
0.404271
0.389889
0.401868
0.324730
0.362693
0.385010
0.390542
0.348254
0.375114
0.383888
0.372127
0.365421
0.394836
0.375682
0.361378
0.396493
0.410037
0.389364
0.367435
0.358377
0.366574
0.371887
0.387037
0.436130
0.388290
0.411577
0.348587
0.374345
0.385708
0.384496
0.417028
0.451598
0.396817
0.364821
0.363619
0.373089
0.390258
0.412120
0.401091
0.397570
0.370310
0.370112
0.384789
0.354458
0.378692
0.374229
0.385070
0.362375
0.400581
0.355099
0.403399
0.342717
0.373212
0.388205
0.405939
0.364922
0.354353
0.407398
0.344838
0.406395
0.370701
0.385878
0.371580
0.380624
0.372861
0.354432
0.413512
0.366136
0.384371
0.356768
0.368406
0.394090
0.368278
0.365773
0.372709
0.348164
0.342805
0.345494
0.346886
0.357985
0.344446
0.372059
0.359475
0.347758
0.320270
0.399587
0.398850
0.371881
0.378461
0.340449
0.368950
0.348205
0.368021
0.363609
0.349243
0.390099
0.374168
0.380172
0.381062
0.366680
0.382241
0.364729
0.360994
0.403933
0.366248
0.371152
0.386389
0.322827
0.355240
0.357343
0.399216
0.373765
0.366627
0.333239
0.369693
0.383356
0.360075
0.362791
0.338765
0.358831
0.349758
0.344926
0.367822
0.390936
0.363729
0.375275
0.357249
0.358035
0.345038
0.408203
0.446214
0.358965
0.405887
0.339315
0.318844
0.428257
0.398843
0.408475
0.339338
0.332778
0.363642
0.334962
0.343058
0.394629
0.386082
0.389639
0.322008
0.325321
0.343958
0.372825
0.360195
0.360692
0.365925
0.340352
0.383958
0.371473
0.335885
0.345985
0.379419
0.366772
0.377692
0.366098
0.374501
0.341683
0.382680
0.317836
0.332513
0.330859
0.370508
0.414767
0.316131
0.351248
0.365136
0.310527
0.379052
0.368580
0.411483
0.393501
0.386076
0.333755
0.367785
0.413260
0.379893
0.366439
0.374285
0.369626
0.355361
0.357082
0.394613
0.391942
0.359558
0.386535
0.356436
0.365221
0.331936
0.381168
0.363766
0.364337
0.399207
0.363470
0.363238
0.358204
0.345772
0.336237
0.369470
0.348881
0.347798
0.385491
0.336708
0.314257
0.328258
0.353482
0.386604
0.395463
0.368689
0.334201
0.334829
0.315528
0.392529
0.339650
0.370217
0.366416
0.317919
0.359066
0.336969
0.335762
0.324226
0.356076
0.351371
0.367202
0.307453
0.339667
0.370773
0.336265
0.342307
0.355516
0.373254
0.354663
0.347029
0.364089
0.347582
0.352552
0.335181
0.334422
0.326907
0.339909
0.334929
0.385700
0.364242
0.341695
0.351132
0.332119
0.335657
0.365651
0.330291
0.342433
0.348437
0.290147
0.320488
0.342747
0.363476
0.365990
0.366552
0.325838
0.324049
0.332364
0.354926
0.366386
0.372942
0.365148
0.351448
0.334564
0.351086
0.360950
0.349974
0.369658
0.357869
0.331442
0.363379
0.311746
0.320921
0.378564
0.366095
0.355151
0.354205
0.314565
0.311828
0.353121
0.376515
0.352412
0.321648
0.347839
0.362898
0.330492
0.327002
0.320593
0.327079
0.321980
0.332284
0.358645
0.316131
0.352278
0.366175
0.339413
0.370391
0.316863
0.358371
0.396346
0.376899
0.338207
0.325550
0.294786
0.371376
0.351227
0.389713
0.397326
0.347654
0.326744
0.318508
0.370841
0.369845
0.326288
0.350093
0.335090
0.370084
0.314506
0.336356
0.351409
0.358494
0.322779
0.294948
0.335025
0.356485
0.356119
0.361493
0.331991
0.332783
0.319891
0.323292
0.377177
0.369226
0.373407
0.340983
0.328162
0.328878
0.326171
0.344055
0.353841
0.388620
0.316692
0.301853
0.310539
0.321785
0.331586
0.377673
0.317164
0.295190
0.323901
0.319609
0.354879
0.347865
0.383691
0.364512
0.315068
0.299831
0.314903
0.327638
0.357839
0.334880
0.345299
0.333058
0.327745
0.375764
0.359365
0.348200
0.290081
0.367892
0.338707
0.342127
0.313370
0.313224
0.329244
0.312490
0.321828
0.326156
0.342820
0.347796
0.321604
0.319816
0.343658
0.321390
0.326469
0.354778
0.326809
0.325648
0.345403
0.303361
0.327339
0.363927
0.319809
0.324279
0.328504
0.322217
0.336875
0.334762
0.343319
0.346646
0.329895
0.319670
0.348327
0.333380
0.349483
0.313983
0.352425
0.296235
0.333689
0.349139
0.326828
0.350650
0.314702
0.293803
0.351508
0.340772
0.325978
0.321214
0.340918
0.397107
0.339272
0.312131
0.331205
0.269885
0.285992
0.334814
0.341216
0.324844
0.302340
0.326688
0.327545
0.313287
0.309887
0.344476
0.321858
0.343234
0.335820
0.281022
0.302477
0.326144
0.349007
0.350879
0.325881
0.315131
0.300665
0.309028
0.328242
0.368894
0.343056
0.375291
0.320418
0.297520
0.323005
0.336277
0.319524
0.366226
0.330485
0.315777
0.313001
0.316987
0.320041
0.332542
0.363881
0.313377
0.340824
0.299201
0.298879
0.358931
0.350110
0.307471
0.318542
0.308412
0.276781
0.328146
0.304286
0.349432
0.328930
0.338841
0.312942
0.308209
0.315570
0.350516
0.336758
0.337604
0.319201
0.282601
0.315218
0.327465
0.319892
0.334061
0.339646
0.308540
0.300278
0.300250
0.315695
0.278863
0.328583
0.310674
0.306903
0.320326
0.307038
0.320933
0.314914
0.317211
0.304669
0.289647
0.348603
0.311182
0.315475
0.305254
0.349309
0.323844
0.321403
0.310415
0.318887
0.297484
0.322257
0.312398
0.351645
0.316862
0.305844
0.318903
0.327540
0.301467
0.359210
0.328995
0.328503
0.322975
0.342513
0.278601
0.291803
0.325280
0.335122
0.347791
0.339653
0.331457
0.308501
0.335078
0.333186
0.322564
0.352491
0.318081
0.287109
0.286422
0.327948
0.328107
0.319987
0.307874
0.333652
0.310516
0.332297
0.288466
0.288230
0.324721
0.348437
0.330698
0.341919
0.313856
0.273765
0.307284
0.303317
0.307899
0.349445
0.314505
0.320720
0.295590
0.308589
0.290950
0.293742
0.307625
0.327307
0.312954
0.317088
0.282193
0.298035
0.298058
0.363711
0.328414
0.349444
0.294434
0.287694
0.323305
0.313209
0.314270
0.301196
0.305354
0.278792
0.311318
0.301113
0.309531
0.311490
0.299664
0.320458
0.338690
0.295895
0.291207
0.312921
0.302824
0.305116
0.296775
0.327369
0.314609
0.313152
0.329579
0.298655
0.317738
0.314288
0.323040
0.303503
0.306165
0.312103
0.276187
0.323613
0.308653
0.287588
0.308719
0.331465
0.321362
0.306129
0.259100
0.294511
0.313145
0.315154
0.314056
0.335160
0.322369
0.280617
0.284394
0.275323
0.335488
0.294150
0.339075
0.295752
0.302985
0.303450
0.287719
0.280848
0.304857
0.313169
0.321094
0.284943
0.283004
0.270133
0.276792
0.333883
0.332406
0.275065
0.284117
0.255064
0.321901
0.341503
0.336260
0.329439
0.294959
0.310373
0.319306
0.301907
0.319188
0.293445
0.306292
0.286028
0.339882
0.309937
0.286700
0.303266
0.313145
0.276692
0.333856
0.292837
0.297658
0.280225
0.333376
0.296354
0.280277
0.321348
0.293495
0.300151
0.266767
0.296926
0.303620
0.309665
0.271089
0.283538
0.302878
0.282126
0.312793
0.297143
0.292353
0.286273
0.301838
0.304167
0.328163
0.288987
0.297019
0.279788
0.327943
0.279568
0.313387
0.306324
0.261237
0.298897
0.325332
0.301577
0.266302
0.313553
0.317961
0.280075
0.291947
0.282342
0.292775
0.306763
0.298449
0.260015
0.269321
0.284959
0.298624
0.328164
0.284573
0.286877
0.296635
0.267406
0.277876
0.289930
0.308999
0.305587
0.287654
0.290554
0.313552
0.296233
0.305288
0.302122
0.294669
0.318285
0.333676
0.323181
0.285066
0.324867
0.289475
0.309471
0.320575
0.300779
0.280189
0.319379
0.278687
0.313672
0.311210
0.314177
0.308133
0.283038
0.323500
0.301178
0.322745
0.299376
0.294182
0.295612
0.297049
0.286301
0.272663
0.287753
0.318936
0.319474
0.268180
0.260510
0.294573
0.304882
0.314535
0.320457
0.296709
0.257649
0.271831
0.301096
0.310449
0.327097
0.276467
0.266885
0.312425
0.308813
0.325966
0.297132
0.268514
0.288487
0.296270
0.269489
0.283406
0.309018
0.296370
0.299926
0.282732
0.315610
0.259754
0.248271
0.300907
0.283962
0.335158
0.334953
0.318894
0.289481
0.291372
0.322966
0.313285
0.306827
0.313168
0.285624
0.296182
0.291380
0.300723
0.335861
0.325592
0.308340
0.245096
0.270058
0.288870
0.274242
0.272210
0.304950
0.318537
0.309700
0.279718
0.266296
0.294010
0.294817
0.263649
0.316730
0.277310
0.270546
0.290543
0.261954
0.283776
0.314193
0.288801
0.292643
0.277221
0.255530
0.305530
0.319117
0.359714
0.336148
0.303150
0.296183
0.256175
0.294696
0.301947
0.340885
0.295961
0.281049
0.271730
0.271078
0.276397
0.293476
0.319211
0.304248
0.283307
0.290196
0.270531
0.318098
0.302435
0.298492
0.306011
0.302725
0.309448
0.301056
0.310703
0.304036
0.266677
0.276336
0.287240
0.287878
0.251843
0.269121
0.288992
0.270904
0.290654
0.291641
0.298134
0.284506
0.303495
0.294404
0.305529
0.332648
0.267958
0.310442
0.262834
0.256658
0.282767
0.314713
0.294761
0.302935
0.271310
0.280730
0.305459
0.283494
0.315969
0.324702
0.336948
0.321824
0.273382
0.282151
0.306833
0.314522
0.303887
0.312355
0.299670
0.284181
0.272420
0.291704
0.299292
0.266262
0.267201
0.302337
0.319462
0.306172
0.281051
0.285497
0.268495
0.258967
0.283016
0.298930
0.309435
0.284589
0.261781
0.292094
0.286900
0.299329
0.281979
0.312492
0.283366
0.287799
0.313463
0.337204
0.292728
0.274301
0.259127
0.263891
0.283101
0.295177
0.252223
0.284677
0.315468
0.288056
0.299861
0.320478
0.287587
0.286003
0.254251
0.311361
0.279567
0.281755
0.292754
0.294476
0.272736
0.282199
0.283725
0.281523
0.262574
0.315141
0.271166
0.309496
0.312400
0.286892
0.267568
0.290452
0.261786
0.282619
0.273202
0.273792
0.275401
0.312068
0.319659
0.262659
0.311980
0.289825
0.298302
0.252332
0.272460
0.269200
0.279388
0.309823
0.311903
0.298362
0.281759
0.257398
0.296797
0.280730
0.303833
0.288679
0.280361
0.255305
0.275979
0.281933
0.267615
0.316435
0.295220
0.304752
0.297981
0.242860
0.285123
0.234289
0.277952
0.297490
0.254683
0.301726
0.280591
0.313108
0.279044
0.275218
0.256794
0.297115
0.315561
0.315803
0.291695
0.315323
0.267410
0.272257
0.288192
0.283544
0.279556
0.267153
0.279084
0.304537
0.300715
0.288585
0.267962
0.286840
0.285143
0.287496
0.306274
0.286611
0.297748
0.278555
0.273309
0.272354
0.273428
0.293185
0.287393
0.281782
0.267359
0.294996
0.294896
0.283222
0.298068
0.339782
0.265304
0.277630
0.277132
0.286583
0.301460
0.311342
0.295708
0.294786
0.225969
0.250281
0.263018
0.283198
0.292760
0.263919
0.290735
0.287404
0.269852
0.266654
0.265836
0.301736
0.260589
0.295925
0.286880
0.278154
0.253704
0.279476
0.280515
0.278494
0.274034
0.283667
0.276633
0.283565
0.288046
0.293277
0.296053
0.304557
0.289216
0.329237
0.320299
0.272401
0.275991
0.264001
0.255027
0.262978
0.272797
0.281236
0.327280
0.308041
0.333841
0.285593
0.276895
0.275460
0.275311
0.253864
0.243452
0.272578
0.286718
0.267087
0.282000
0.277428
0.285792
0.283746
0.270205
0.298094
0.300482
0.298807
0.282474
0.262128
0.289793
0.304473
0.259455
0.264296
0.292722
0.258962
0.272912
0.288110
0.279238
0.284744
0.296562
0.272943
0.293502
0.282214
0.300177
0.287689
0.252647
0.261463
0.264507
0.278130
0.275162
0.315431
0.278891
0.291512
0.284963
0.278628
0.273348
0.281364
0.321578
0.277602
0.270865
0.312312
0.274399
0.308880
0.251628
0.261632
0.253161
0.264924
0.274928
0.275779
0.292952
0.317593
0.281995
0.252980
0.252302
0.288531
0.226202
0.318775
0.298371
0.304909
0.274995
0.286050
0.262020
0.274253
0.292587
0.301081
0.322684
0.274340
0.289120
0.280137
0.264888
0.256955
0.228499
0.266306
0.298968
0.282109
0.287792
0.294862
0.264931
0.268044
0.251474
0.290974
0.260826
0.301783
0.283190
0.259199
0.291121
0.215261
0.250105
0.272338
0.298996
0.349805
0.260907
0.265320
0.250469
0.273040
0.275990
0.272660
0.291263
0.273505
0.296939
0.288265
0.309398
0.252281
0.287016
0.284729
0.314792
0.310909
0.309714
0.262304
0.285636
0.314590
0.291143
0.282258
0.283382
0.296436
0.289359
0.271126
0.270476
0.289670
0.281416
0.302311
0.286876
0.264032
0.306289
0.278642
0.306564
0.309656
0.283236
0.276949
0.260138
0.301960
0.281454
0.283458
0.269778
0.267591
0.285301
0.288306
0.283328
0.263165
0.288317
0.265634
0.289590
0.270377
0.244547
0.272494
0.303293
0.291937
0.320424
0.294805
0.266182
0.246396
0.249622
0.272198
0.289951
0.305915
0.288084
0.290384
0.284359
0.285187
0.293386
0.260959
0.284767
0.234294
0.298453
0.254308
0.293021
0.294717
0.322532
0.260312
0.323294
0.283364
0.272540
0.268030
0.279909
0.304353
0.303195
0.236447
0.260078
0.274530
0.288002
0.276293
0.316474
0.267556
0.303143
0.273641
0.288068
0.259590
0.302691
0.281035
0.277364
0.297680
0.299436
0.273878
0.274666
0.301408
0.281599
0.282823
0.297058
0.248385
0.282941
0.293842
0.289950
0.274933
0.274784
0.306527
0.295748
0.311740
0.291224
0.282453
0.286859
0.265392
0.277012
0.293558
0.300501
0.273280
0.257792
0.265084
0.266120
0.269737
0.290106
0.277182
0.296710
0.282389
0.240989
0.301375
0.288253
0.287641
0.295966
0.252628
0.300583
0.275691
0.285738
0.269922
0.273553
0.286508
0.279660
0.267705
0.299674
0.265068
0.309013
0.287713
0.238867
0.268329
0.276240
0.316372
0.328672
0.309894
0.276669
0.286061
0.265913
0.240492
0.267818
0.273815
0.273867
0.272586
0.253150
0.266930
0.273060
0.304473
0.301877
0.256438
0.264793
0.253272
0.245276
0.271865
0.284645
0.273844
0.271983
0.287974
0.287847
0.317112
0.290382
0.277110
0.279023
0.291323
0.305358
0.242538
0.317116
0.283666
0.239417
0.306228
0.231915
0.293940
0.290467
0.313724
0.268363
0.304940
0.256683
0.238054
0.277687
0.279851
0.244529
0.324606
0.305924
0.261722
0.251181
0.284066
0.283696
0.290355
0.299900
0.290248
0.281644
0.259730
0.247032
0.289490
0.295780
0.293621
0.243399
0.275042
0.254979
0.307097
0.278819
0.295446
0.281128
0.299712
0.277991
0.228631
0.299729
0.304391
0.281803
0.285751
0.289610
0.262090
0.266443
0.247188
0.301280
0.273350
0.283891
0.273950
0.297794
0.228471
0.295836
0.271721
0.262566
0.270087
0.275945
0.298197
0.301830
0.277574
0.305958
0.264576
0.260491
0.269906
0.305969
0.284707
0.295520
0.291040
0.248996
0.287051
0.272445
0.283544
0.304456
0.280671
0.229057
0.224398
0.257162
0.277772
0.288948
0.259537
0.273176
0.279357
0.280035
0.270083
0.265786
0.275347
0.248074
0.299015
0.277688
0.299574
0.300087
0.280527
0.298251
0.285462
0.277132
0.267318
0.310235
0.322195
0.310523
0.283524
0.288027
0.285659
0.220595
0.286535
0.281882
0.274135
0.291059
0.296407
0.296510
0.324629
0.297207
0.292312
0.303442
0.291077
0.298687
0.267145
0.277309
0.284732
0.301388
0.311366
0.246357
0.293879
0.294672
0.307948
0.257336
0.284963
0.294150
0.296093
0.273565
0.252587
0.261637
0.260901
0.275715
0.300878
0.289017
0.299830
0.277870
0.326406
0.269982
0.249906
0.252432
0.298544
0.268634
0.278757
0.247745
0.270018
0.291690
0.293806
0.291707
0.264693
0.259775
0.274482
0.242010
0.276839
0.280998
0.305508
0.283410
0.283271
0.241411
0.279702
0.276463
0.277969
0.247366
0.283540
0.281464
0.269270
0.337441
0.293096
0.344388
0.258796
0.295315
0.261562
0.276644
0.287224
0.311895
0.277633
0.300322
0.271639
0.246050
0.280877
0.224974
0.309519
0.266951
0.280122
0.241328
0.273914
0.251669
0.243863
0.279294
0.276079
0.278759
0.256432
0.280914
0.269362
0.301013
0.276976
0.246727
0.265030
0.250588
0.297886
0.278252
0.250205
0.247193
0.295008
0.279840
0.325624
0.288263
0.304581
0.234747
0.249312
0.276476
0.219583
0.298514
0.272765
0.256536
0.282494
0.289562
0.274691
0.203017
0.283985
0.275557
0.270803
0.256328
0.236144
0.288478
0.257780
0.276058
0.281673
0.291707
0.257907
0.275263
0.272811
0.269221
0.246805
0.301978
0.309800
0.296841
0.294500
0.286226
0.272436
0.283658
0.273562
0.253187
0.264733
0.281930
0.289518
0.269285
0.275251
0.304117
0.228487
0.260856
0.264449
0.261512
0.293280
0.295888
0.259521
0.288048
0.282438
0.278350
0.320336
0.258070
0.275056
0.280497
0.256270
0.248082
0.282208
0.260147
0.244860
0.265724
0.297413
0.259681
0.267055
0.241652
0.247515
0.284919
0.256389
0.255279
0.280446
0.285520
0.300680
0.284407
0.274844
0.264418
0.260233
0.290636
0.301207
0.313554
0.261261
0.274386
0.269742
0.289732
0.272659
0.307724
0.329629
0.259935
0.243602
0.254984
0.289992
0.278833
0.312994
0.310964
0.227908
0.275909
0.287881
0.272394
0.250843
0.284444
0.264191
0.246017
0.249855
0.266550
0.317823
0.299503
0.278590
0.273102
0.276784
0.260963
0.283105
0.275688
0.281913
0.280534
0.289151
0.287305
0.294257
0.283052
0.274214
0.241963
0.267434
0.286035
0.282294
0.294374
0.231007
0.227711
0.276656
0.245735
0.268039
0.300883
0.263345
0.287799
0.306438
0.266831
0.257625
0.270824
0.296202
0.284648
0.277495
0.245617
0.220595
0.262172
0.284920
0.293240
0.280798
0.285152
0.243380
0.260948
0.277736
0.282576
0.284895
0.256850
0.246421
0.293172
0.258185
0.265566
0.255973
0.286763
0.247422
0.266070
0.268323
0.288953
0.289821
0.279376
0.272989
0.281899
0.253140
0.247167
0.274153
0.275154
0.263646
0.245847
0.275983
0.256803
0.272071
0.280775
0.272190
0.256240
0.238435
0.314531
0.286842
0.240577
0.267575
0.255311
0.250686
0.294771
0.265784
0.307430
0.259649
0.250972
0.250911
0.282706
0.286443
0.249328
0.290524
0.264743
0.262745
0.214355
0.289563
0.274308
0.256695
0.261671
0.251919
0.274298
0.277620
0.263023
0.275417
0.281013
0.291023
0.280829
0.251867
0.263949
0.255219
0.256554
0.298900
0.285359
0.289762
0.273849
0.259027
0.256375
0.253112
0.286319
0.284067
0.313082
0.306017
0.281407
0.267795
0.282711
0.283139
0.259987
0.292528
0.282869
0.265799
0.261018
0.255062
0.271223
0.276700
0.292545
0.277020
0.259349
0.255169
0.240869
0.230782
0.261004
0.243055
0.225197
0.267929
0.289075
0.272365
0.271415
0.280665
0.232526
0.265215
0.257289
0.239969
0.256854
0.267098
0.285256
0.287436
0.282625
0.294474
0.266247
0.249919
0.248043
0.232075
0.229502
0.280083
0.280482
0.257953
0.235223
0.220851
0.224952
0.263514
0.262980
0.278873
0.283623
0.195126
0.239316
0.279429
0.271983
0.287890
0.303419
0.277316
0.259216
0.254864
0.258109
0.263539
0.281215
0.291680
0.253791
0.211287
0.263629
0.274086
0.239682
0.276313
0.256611
0.233474
0.227173
0.280714
0.263140
0.251342
0.291468
0.275263
0.236832
0.227604
0.268052
0.253552
0.262364
0.264298
0.253973
0.247208
0.275562
0.222713
0.239475
0.277545
0.250824
0.274397
0.241331
0.269254
0.297176
0.271163
0.250154
0.277257
0.264579
0.234488
0.248482
0.261187
0.305184
0.275758
0.287042
0.243967
0.273550
0.238643
0.278901
0.260035
0.264281
0.264270
0.255099
0.272234
0.267763
0.294905
0.285112
0.286857
0.250618
0.273550
0.219246
0.297004
0.271091
0.275481
0.312271
0.277762
0.278417
0.274924
0.245424
0.263326
0.247195
0.258846
0.250300
0.254292
0.287319
0.257429
0.279715
0.245914
0.264120
0.216413
0.247702
0.248790
0.264897
0.289078
0.237674
0.257975
0.230519
0.227484
0.259173
0.253143
0.274556
0.278161
0.270182
0.256106
0.231125
0.254131
0.296210
0.278474
0.294808
0.221360
0.263570
0.224491
0.211625
0.229307
0.269129
0.301596
0.278503
0.278469
0.259684
0.236507
0.246674
0.217069
0.225686
0.248081
0.250560
0.242809
0.209857
0.254864
0.242667
0.248742
0.235005
0.262823
0.252945
0.239587
0.241902
0.246572
0.266737
0.246859
0.281587
0.292799
0.231929
0.250626
0.188476
0.254383
0.265731
0.263295
0.277755
0.244566
0.268355
0.238424
0.246914
0.292029
0.237431
0.235003
0.239510
0.268364
0.234990
0.286185
0.244715
0.290972
0.238141
0.242376
0.256857
0.257656
0.252427
0.250305
0.238268
0.256996
0.247572
0.213188
0.229355
0.209331
0.288918
0.246809
0.268246
0.285310
0.261029
0.245652
0.209103
0.228964
0.251236
0.273161
0.289572
0.261057
0.227481
0.258986
0.229086
0.238325
0.230918
0.247725
0.222219
0.231782
0.256201
0.259924
0.286596
0.209349
0.266171
0.179689
0.224499
0.252911
0.314114
0.259104
0.248445
0.232250
0.235307
0.255454
0.276725
0.215765
0.247983
0.218490
0.216282
0.255550
0.234082
0.264251
0.203773
0.237880
0.228133
0.235635
0.278270
0.256833
0.290024
0.252226
0.258177
0.232110
0.241604
0.249078
0.225233
0.252514
0.207966
0.263528
0.205773
0.215266
0.276616
0.229697
0.250871
0.266124
0.220465
0.234605
0.228016
0.231513
0.225752
0.271935
0.230859
0.241078
0.237106
0.216976
0.228387
0.277986
0.242628
0.272485
0.251101
0.288377
0.202378
0.228206
0.222359
0.260919
0.278123
0.266002
0.242995
0.246258
0.227804
0.274538
0.297895
0.227823
0.234681
0.211455
0.223454
0.260283
0.244567
0.249933
0.229954
0.204090
0.221503
0.220048
0.203810
0.237024
0.253382
0.255874
0.235020
0.215676
0.211042
0.231491
0.228017
0.196178
0.210009
0.194122
0.206002
0.290073
0.263449
0.256338
0.293871
0.260243
0.250444
0.189646
0.300106
0.248798
0.274337
0.232566
0.225983
0.238339
0.236748
0.211569
0.217853
0.199919
0.251829
0.228271
0.275923
0.306141
0.229771
0.228194
0.251909
0.259443
0.262089
0.234595
0.200332
0.239024
0.230373
0.243333
0.210880
0.266552
0.248888
0.248423
0.202344
0.240923
0.266386
0.238599
0.227598
0.236049
0.215442
0.251701
0.228822
0.194356
0.217001
0.285315
0.205178
0.258331
0.251824
0.289866
0.259689
0.230647
0.197538
0.236331
0.275972
0.230561
0.250140
0.231771
0.231113
0.234794
0.204307
0.237282
0.214441
0.227876
0.247340
0.225720
0.256653
0.250521
0.257371
0.254888
0.223442
0.246002
0.214962
0.272539
0.244935
0.272327
0.236214
0.221822
0.264833
0.209722
0.258398
0.222853
0.232182
0.253959
0.237371
0.274508
0.220853
0.253456
0.264923
0.237858
0.266212
0.259687
0.234439
0.264742
0.262049
0.270493
0.235477
0.249529
0.215299
0.241692
0.207771
0.216351
0.233372
0.295583
0.249835
0.253040
0.231266
0.180286
0.239042
0.235929
0.242671
0.238714
0.256876
0.227047
0.183812
0.203157
0.255035
0.254876
0.273705
0.205056
0.246311
0.236880
0.273819
0.226977
0.235244
0.241556
0.217165
0.224056
0.234149
0.256437
0.220923
0.232628
0.183456
0.184566
0.229194
0.184989
0.253921
0.222601
0.259496
0.183635
0.277873
0.240156
0.226629
0.244672
0.234759
0.253448
0.251011
0.238209
0.197406
0.180103
0.211896
0.240395
0.264954
0.287384
0.262049
0.217717
0.236401
0.208293
0.241378
0.241824
0.240682
0.188394
0.229064
0.230567
0.228442
0.206223
0.217385
0.177572
0.214196
0.199053
0.186898
0.205944
0.235311
0.215706
0.239039
0.263453
0.235831
0.226811
0.216493
0.236090
0.206125
0.225922
0.207041
0.256334
0.266098
0.225139
0.237858
0.229720
0.227124
0.244877
0.248163
0.223373
0.272682
0.227414
0.218850
0.225680
0.239047
0.232656
0.246937
0.223944
0.256993
0.214557
0.233980
0.253016
0.218243
0.214362
0.261623
0.258399
0.246421
0.176511
0.226597
0.251593
0.216456
0.218946
0.208742
0.215968
0.202007
0.221710
0.226518
0.219572
0.204241
0.262650
0.202923
0.224098
0.205885
0.203883
0.201299
0.228357
0.212158
0.267017
0.229657
0.246502
0.223002
0.209115
0.231861
0.219481
0.230844
0.206733
0.243561
0.238418
0.242671
0.238604
0.258143
0.257277
0.218082
0.230235
0.165488
0.177385
0.270044
0.212657
0.284017
0.216048
0.235170
0.206322
0.233029
0.247083
0.228850
0.224201
0.194830
0.241255
0.186434
0.218641
0.221552
0.236211
0.233705
0.207202
0.227987
0.230715
0.213224
0.211970
0.215768
0.247995
0.265262
0.194037
0.207383
0.235737
0.239927
0.223752
0.245526
0.197463
0.227310
0.206799
0.196266
0.191959
0.232412
0.233032
0.294592
0.215389
0.236495
0.241374
0.264035
0.198197
0.247831
0.217513
0.210457
0.248097
0.239792
0.223619
0.241196
0.275622
0.227146
0.257726
0.187818
0.216099
0.202116
0.220074
0.286406
0.221800
0.217384
0.194226
0.192399
0.200746
0.252926
0.236496
0.222076
0.181861
0.229594
0.207704
0.243649
0.216506
0.233828
0.184581
0.172937
0.210672
0.191692
0.260335
0.235481
0.245284
0.199147
0.195220
0.225164
0.234035
0.247583
0.241229
0.205352
0.208674
0.234232
0.213605
0.244747
0.173380
0.188967
0.207856
0.220295
0.207530
0.201578
0.217926
0.214545
0.208851
0.220270
0.197746
0.184583
0.197805
0.213448
0.215498
0.223455
0.243957
0.162128
0.193225
0.201005
0.173726
0.158672
0.200838
0.186094
0.188714
0.229021
0.249197
0.221108
0.251688
0.233735
0.248252
0.200361
0.212950
0.169902
0.201905
0.184902
0.205272
0.211065
0.248176
0.209518
0.219938
0.205136
0.178749
0.186894
0.211090
0.211815
0.223948
0.193262
0.200779
0.204650
0.245073
0.212206
0.198896
0.195166
0.196680
0.210768
0.206356
0.210749
0.279919
0.235342
0.214056
0.198811
0.220375
0.184313
0.196623
0.216339
0.256784
0.201743
0.240625
0.185711
0.168894
0.152926
0.183841
0.213448
0.249408
0.247687
0.215250
0.238853
0.217411
0.201797
0.248412
0.248816
0.223122
0.196949
0.221573
0.195486
0.192457
0.192093
0.244452
0.237784
0.230089
0.202340
0.195257
0.208385
0.234141
0.213949
0.227943
0.187061
0.196904
0.225276
0.240420
0.222164
0.180914
0.228660
0.215813
0.202167
0.200746
0.193760
0.192960
0.169518
0.237273
0.238978
0.218191
0.190382
0.236013
0.244923
0.207445
0.197672
0.195765
0.229372
0.199020
0.203757
0.188365
0.208964
0.181508
0.189003
0.191846
0.162760
0.177607
0.224589
0.195510
0.237686
0.166595
0.183028
0.192549
0.203068
0.210737
0.200177
0.208097
0.201109
0.236967
0.223678
0.190139
0.195064
0.205258
0.183276
0.192742
0.234837
0.203574
0.241909
0.225649
0.210689
0.182314
0.182418
0.227116
0.224396
0.143206
0.208191
0.189816
0.268214
0.183762
0.194514
0.212357
0.206120
0.246472
0.210666
0.214738
0.196955
0.223985
0.200267
0.177715
0.165465
0.177403
0.189596
0.166309
0.222693
0.185543
0.222944
0.190318
0.181031
0.182902
0.202817
0.187835
0.223620
0.202852
0.210805
0.209221
0.212640
0.197160
0.200672
0.173560
0.218250
0.230162
0.201305
0.218230
0.206462
0.199494
0.203465
0.169652
0.201027
0.228746
0.213932
0.208642
0.200725
0.206748
0.189717
0.202122
0.209485
0.181916
0.251682
0.168256
0.208530
0.170085
0.224831
0.237099
0.216492
0.180533
0.189184
0.128755
0.173862
0.189545
0.211242
0.194548
0.194714
0.189530
0.171085
0.205319
0.167714
0.193711
0.227065
0.215266
0.185535
0.168249
0.172337
0.208722
0.232510
0.227226
0.213441
0.199280
0.213698
0.207933
0.175943
0.203395
0.171369
0.165866
0.241605
0.171870
0.219552
0.227497
0.191131
0.167062
0.209782
0.218494
0.199621
0.175747
0.210666
0.222076
0.246962
0.219297
0.155359
0.194541
0.182372
0.219496
0.229669
0.216934
0.226554
0.210911
0.240069
0.179860
0.211849
0.227397
0.219982
0.132635
0.168555
0.217956
0.264614
0.263197
0.187052
0.180937
0.182976
0.170500
0.186314
0.188525
0.213659
0.209947
0.205157
0.205919
0.170005
0.175236
0.202069
0.162682
0.215352
0.218141
0.202045
0.193710
0.204385
0.193612
0.201126
0.195977
0.222459
0.209467
0.234254
0.199900
0.174925
0.199718
0.212644
0.237043
0.220073
0.202540
0.202886
0.188928
0.180672
0.200855
0.231077
0.223609
0.202377
0.205651
0.171902
0.232021
0.204172
0.202477
0.181552
0.223321
0.184890
0.186522
0.191277
0.168884
0.208927
0.199844
0.192752
0.187594
0.190040
0.227529
0.176947
0.174500
0.168437
0.189618
0.158081
0.205429
0.205501
0.242374
0.217580
0.179753
0.212607
0.232504
0.246314
0.185028
0.180496
0.202829
0.167699
0.233293
0.221030
0.220402
0.211524
0.192137
0.150492
0.161999
0.186734
0.228238
0.230029
0.221150
0.217477
0.208205
0.171912
0.144328
0.187159
0.179884
0.221677
0.203763
0.208841
0.240979
0.219077
0.208142
0.201482
0.195052
0.194399
0.168673
0.175237
0.189288
0.201098
0.209708
0.186231
0.187243
0.177002
0.165599
0.175527
0.174617
0.203833
0.198905
0.233106
0.181826
0.207060
0.215257
0.177391
0.188675
0.183275
0.199957
0.190077
0.198659
0.208257
0.210094
0.222551
0.210666
0.182298
0.196192
0.193278
0.134379
0.207515
0.223557
0.199453
0.216669
0.257029
0.214374
0.199706
0.187562
0.245818
0.240982
0.224569
0.216686
0.233035
0.181792
0.186133
0.188916
0.214808
0.205025
0.190787
0.182491
0.201826
0.196068
0.204875
0.155451
0.192324
0.177093
0.157930
0.212021
0.177990
0.181658
0.186810
0.206568
0.175837
0.211646
0.194162
0.197652
0.203138
0.155599
0.169250
0.173645
0.185113
0.200445
0.157505
0.171695
0.143244
0.200477
0.196421
0.209900
0.174959
0.174286
0.173727
0.178934
0.218837
0.165139
0.180421
0.198321
0.197782
0.205217
0.201327
0.212472
0.233156
0.188393
0.199330
0.155068
0.186742
0.200649
0.192543
0.176940
0.181697
