-0.445976
-0.426472
-0.302142
-0.078115
-0.114788
-0.073373
-0.154122
-0.163681
-0.084167
-0.012911
-0.153397
-0.130700
-0.047200
-0.116659
-0.053792
-0.024908
-0.165294
-0.168233
-0.022408
-0.051762
-0.048874
0.162315
-0.087585
0.220725
0.060767
0.008890
0.015629
0.033914
0.056103
0.005409
0.026352
-0.010631
-0.025639
0.023451
-0.010252
-0.014517
-0.042376
-0.059473
0.099110
-0.006903
-0.032350
0.019859
0.113702
-0.055270
0.048905
-0.045169
0.052908
0.080143
-0.005101
0.201878
-0.017490
-0.031365
-0.043419
0.015598
-0.007588
-0.049929
0.003794
-0.002999
-0.055101
0.310600
-0.061195
0.032902
0.475673
0.031004
0.038943
0.067294
0.480092
0.010564
-0.050967
0.289281
0.204917
0.002258
0.102283
0.072024
-0.057812
0.050806
0.124080
0.070305
0.110187
-0.048917
0.483900
0.200478
0.092964
-0.004824
0.019857
-0.037897
-0.031064
-0.030806
0.076745
0.014583
0.024841
0.144977
0.299338
0.162185
-0.006987
0.033570
-0.032223
-0.021244
0.074977
0.220191
