0.000000
0.000000
0.000000
0.000000
0.000000
0.000000
0.000000
0.000000
0.000000
0.000000
0.000000
0.000000
0.000000
0.000000
0.000000
0.000000
0.000000
0.000000
0.000000
0.000000
0.000000
0.000000
0.000000
0.000000
0.000000
0.000000
0.000000
0.000000
0.000000
0.000000
0.000000
0.000000
0.000000
0.000000
0.000000
0.000000
0.000000
0.000000
0.000000
0.000000
0.000000
0.000000
0.000000
0.000000
0.000000
0.000000
0.000000
0.000000
0.000000
0.000000
0.000000
0.000000
0.000000
0.000000
0.000000
0.000000
0.000000
0.000000
0.000000
0.000000
0.000000
0.000000
0.000000
0.000000
0.000000
0.000000
0.000000
0.000000
0.000000
0.000000
0.000000
0.000000
0.000000
0.000000
0.000000
0.000000
0.000000
0.000000
0.000000
0.000000
0.000000
0.000000
0.000000
0.000000
0.000000
0.000000
0.000000
0.000000
0.000000
0.000000
0.000000
0.000000
0.000000
0.000000
0.000000
0.000000
0.000000
0.000000
0.000000
0.000000
0.000000
0.000000
0.000000
0.000000
0.000000
0.000000
0.000000
0.000000
0.000000
0.000000
0.000000
0.000000
0.000000
0.000000
0.000000
0.000000
0.000000
0.000000
0.000000
0.000000
0.000000
0.000000
0.000000
0.000000
0.000000
0.000000
0.000000
0.291099
0.256300
0.203609
0.191023
0.169767
0.113796
0.093935
0.101505
0.121669
0.143035
0.102789
0.111340
0.089218
0.079563
0.069018
0.076694
0.090037
0.067612
0.073806
0.068162
0.059875
0.050417
0.060275
0.050589
0.052439
0.055336
0.054853
0.043970
0.044763
0.041817
0.035534
0.029958
0.029942
0.026916
0.039417
0.025204
0.026536
0.021194
0.021835
0.024541
0.018163
0.016469
0.018788
0.017411
0.014318
0.016238
0.012289
0.010054
0.012324
0.012724
0.009696
0.006969
0.009485
0.009143
0.008783
0.007743
0.007660
0.006716
0.008220
0.007303
0.006903
0.006204
0.007562
0.005148
0.006043
0.008174
0.007206
0.006346
0.006360
0.006542
0.005853
0.006402
0.005475
0.006129
0.007348
0.007810
0.005456
0.005336
0.009767
0.013986
0.009977
0.011055
0.019166
0.011489
0.015659
0.019589
0.017036
0.023873
0.017460
0.017493
0.021792
0.015630
0.015030
0.014376
0.018376
0.014423
0.011584
0.012383
0.012185
0.014678
0.016639
0.014988
0.014025
0.017803
0.013986
0.013052
0.012431
0.013018
0.010468
0.012907
0.008049
0.013341
0.009024
0.011337
0.010593
0.009002
0.011681
0.010189
0.006000
0.007363
0.006113
0.010338
0.007823
0.007726
0.008632
0.008605
0.006371
0.005360
0.004371
0.004089
0.004461
0.006920
0.004781
0.003337
0.007277
0.005110
0.004768
0.004294
0.002164
0.003506
0.006521
0.004133
0.002705
0.002760
0.003271
0.003027
0.004429
0.004642
0.004898
0.004730
0.003470
0.002872
0.003843
0.005424
0.002601
0.003060
0.003817
0.004751
0.004953
0.004189
0.002071
0.002453
0.004444
0.004669
0.003088
0.003538
0.002874
0.003009
0.003188
0.003612
0.004122
0.004684
0.003075
0.004467
0.003240
0.004662
0.001733
0.003548
0.003926
0.002375
0.003141
0.003758
0.002769
0.004072
0.002668
0.003937
0.002428
0.003305
0.003121
0.002460
0.003041
0.003397
0.002351
0.002176
0.002777
0.002850
0.002223
0.002997
0.004205
0.004436
0.002172
0.003470
0.002046
0.003562
0.001744
0.002299
0.003949
0.003337
0.003557
0.002154
0.002431
0.003553
0.003366
0.003069
0.003130
0.003162
0.003168
0.003449
0.004125
0.003344
0.003014
0.002287
0.002147
0.002372
0.002107
0.002087
0.002300
0.002502
0.001643
0.004129
0.002212
0.002020
0.002885
0.002385
0.002054
0.001513
0.001494
0.001795
0.001505
0.001652
0.001345
0.002605
0.001771
0.003807
0.001784
0.001711
0.003837
0.001900
0.002046
0.002283
0.002054
0.001828
0.002611
0.003223
0.002592
0.001975
0.001619
0.001886
0.001881
0.001442
0.001929
0.001986
0.001973
0.002439
0.002708
0.002471
0.001321
0.001272
0.003373
0.001826
0.001894
0.003072
0.002688
0.001400
0.004828
0.002307
0.003369
0.001436
0.004199
0.001176
0.002042
0.002463
0.001648
0.002994
0.002663
0.002116
0.002067
0.001950
0.001559
0.001544
0.002201
0.001544
0.003195
0.002881
0.002078
0.002736
0.002634
0.002346
0.002554
0.002730
0.002613
0.001784
0.002770
0.002330
0.002135
0.001644
0.002598
0.001590
0.002984
0.002055
0.002266
0.002202
0.001636
0.001846
0.001577
0.002108
0.002890
0.002373
0.002674
0.002992
0.002803
0.002464
0.002045
0.002342
0.002394
0.002181
0.001805
0.002655
0.002392
0.002041
0.002422
0.001646
0.001668
0.002579
0.002206
0.001790
0.002164
0.001537
0.001657
0.001103
0.002293
0.001647
0.002402
0.001725
0.002337
0.001900
0.002905
0.002219
0.002035
0.001490
0.001582
0.001411
0.001418
0.001732
0.002292
0.001550
0.001852
0.001754
0.002290
0.002098
0.002141
0.002612
0.001558
0.001701
0.002078
0.001108
0.001683
0.001621
0.001692
0.000947
0.001249
0.001361
0.001705
0.001197
0.001754
0.001429
0.001657
0.001215
0.001426
0.001718
0.001158
0.001131
0.001594
0.001014
0.002907
0.001120
0.002074
0.002076
0.001063
0.002253
0.001231
0.001938
0.001080
0.000931
0.001827
0.001432
0.002335
0.001998
0.001338
0.001973
0.002389
0.001543
0.004306
0.001094
0.002513
0.001059
0.001762
0.001860
0.001215
0.001074
0.001404
0.000941
0.000952
0.001499
0.001240
0.000650
0.000843
0.001277
0.000904
0.000863
0.000839
0.000814
0.001511
0.001385
0.000966
0.000687
0.000854
0.001234
0.001394
0.000658
0.000935
0.000742
0.000939
0.000769
0.000933
0.001284
0.001384
0.000717
0.000696
0.001284
0.001424
0.000775
0.001100
0.000580
0.001814
0.000944
0.001076
0.001253
0.000785
0.002017
0.001032
0.001163
0.001040
0.000837
0.001073
0.000941
0.001431
0.000925
0.000896
0.001010
0.000780
0.000907
0.000990
0.000800
0.000729
0.001400
0.001119
0.001138
0.000592
0.000802
0.001008
0.000676
0.001359
0.000646
0.000909
0.000853
0.000927
0.000543
0.000754
0.000784
0.000602
0.001348
0.000614
0.001084
0.000648
0.000661
0.000676
0.000984
0.000950
0.000490
0.001120
0.001169
0.000944
0.001215
0.000764
0.001115
0.000564
0.000930
0.000646
0.000900
0.000887
0.000762
0.000438
0.001000
0.000742
0.000730
0.000640
0.000628
0.000389
0.000765
0.000726
0.000443
0.000484
0.000465
0.000585
0.000606
0.000448
0.000544
0.000608
0.000852
0.000483
0.000541
0.000614
0.000503
0.000700
0.000510
0.000443
0.000465
0.000364
0.000616
0.000451
0.000518
0.000338
0.000412
0.000429
0.000647
0.000584
0.000486
0.000463
0.000433
0.000529
0.000434
0.000435
0.000421
0.000658
0.000443
0.000471
0.000414
0.000609
0.000926
0.000357
0.000533
0.000581
0.000407
0.000258
0.000370
0.000433
0.000475
0.000916
0.000468
0.000495
0.000370
0.000262
0.000369
0.000314
0.000424
0.000455
0.000524
0.000412
0.000315
0.000780
0.000363
0.000435
0.000414
0.000607
0.000741
0.000340
0.000421
0.000587
0.000643
0.000645
0.000547
0.000603
0.000624
0.000474
0.000573
0.000977
0.000366
0.000617
0.000322
0.000657
0.000645
0.000551
0.000364
0.000546
0.000262
0.000518
0.000502
0.000491
0.000282
0.000557
0.000372
0.000293
0.000465
0.000263
0.000465
0.000252
0.000308
0.000509
0.000244
0.000268
0.000319
0.000362
0.000355
0.000627
0.000280
0.000495
0.000602
0.000377
0.000277
0.000414
0.000250
0.000416
0.000457
0.000276
0.000311
0.000209
0.000225
0.000312
0.000242
0.000339
0.000370
0.000282
0.000524
0.000211
0.000270
0.000268
0.000207
0.000354
0.000284
0.000267
0.000342
0.000201
0.000232
0.000412
0.000321
0.000629
0.000677
0.000552
0.000544
0.000748
0.000362
0.000474
0.000456
0.000547
0.000520
0.000335
0.000583
0.000341
0.000669
0.000458
0.000694
0.000372
0.000531
0.000477
0.000634
0.001029
0.000334
0.000954
0.000216
0.000867
0.000641
0.000444
0.000597
0.000447
0.000498
0.000274
0.000481
0.000495
0.000618
0.000154
0.000432
0.000498
0.000571
0.000483
0.000425
0.000293
0.000437
0.000535
0.000341
0.000390
0.000467
0.000478
0.000411
0.000537
0.000401
0.000348
0.000398
0.000401
0.000603
0.000388
0.000544
0.000308
0.000532
0.000269
0.000353
0.000433
0.000441
0.000219
0.000481
0.000321
0.000330
0.000339
0.000335
0.000343
0.000369
0.000410
0.000332
0.000295
0.000366
0.000311
0.000402
0.000435
0.000353
0.000327
0.000359
0.000486
0.000388
0.000285
0.000430
0.000392
0.000530
0.000356
0.000319
0.000477
0.000430
0.000398
0.000328
0.000591
0.000346
0.000436
0.000387
0.000471
0.000751
0.000312
0.000674
0.000341
0.000675
0.000391
0.000653
0.000339
0.000848
0.000719
0.000400
0.000713
0.000363
0.000457
0.000374
0.000507
0.000388
0.000258
0.000393
0.000295
0.000337
0.000331
0.000378
0.000319
0.000528
0.000386
0.000306
0.000389
0.000531
0.000358
0.000412
0.000675
0.000298
0.000413
0.000318
0.000317
0.000311
0.000492
0.000276
0.000308
0.000351
0.000288
0.000505
0.000301
0.000441
0.000474
0.000295
0.000419
0.000342
0.000369
0.000320
0.000366
0.000539
0.000361
0.000361
0.000388
0.000341
0.000318
0.000428
0.000272
0.000372
0.000424
0.000410
0.000340
0.000345
0.000310
0.000345
0.000292
0.000314
0.000273
0.000604
0.000563
0.000338
0.000447
0.000248
0.000547
0.000266
0.000406
0.000440
0.000405
0.000536
0.000312
0.000330
0.000308
0.000384
0.000299
0.000533
0.000442
0.000486
0.000800
0.000325
0.000511
0.000288
0.000364
0.000370
0.000576
0.000276
0.000561
0.000304
0.000662
0.000319
0.000534
0.000319
0.000501
0.000577
0.000280
0.000448
0.000309
0.000428
0.000399
0.000350
0.000428
0.000337
0.000329
0.000441
0.000482
0.000450
0.001533
0.000390
0.001973
0.000216
0.002305
0.000833
0.001568
0.000645
0.002054
0.001002
0.001686
0.000927
0.001325
0.000718
0.001675
0.000599
0.001348
0.000420
0.001825
0.000387
0.002206
0.000373
0.001831
0.000316
0.001693
0.000457
0.001344
0.000257
0.001587
0.000395
0.001336
0.000351
0.001269
0.000293
0.001523
0.000844
0.000513
0.000989
0.000898
0.000651
0.000547
0.000873
0.000604
0.000847
0.000808
0.000657
0.000756
0.000559
0.000411
0.000477
0.000267
0.000493
0.000492
0.000326
0.000239
0.000251
0.000247
0.000241
0.000338
0.000338
0.000280
0.000342
0.000612
0.000380
0.000370
0.000410
0.000231
0.000241
0.000321
0.000270
0.000216
0.000342
0.000290
0.000257
0.000298
0.000232
0.000224
0.000232
0.000256
0.000285
0.000273
0.000178
0.000264
0.000219
0.000250
0.000267
0.000185
0.000384
0.000288
0.000492
0.000202
0.000429
0.000211
0.000351
0.000235
0.000386
0.000209
0.000412
0.000225
0.000347
0.000153
0.000266
0.000203
0.000323
0.000244
0.000200
0.000197
0.000235
0.000225
0.000273
0.000275
0.000262
0.000231
0.000269
0.000262
0.000346
0.000318
0.000221
0.000174
0.000206
0.000188
0.000243
0.000239
0.000258
0.000241
0.000271
0.000314
0.000215
0.000257
0.000326
0.000282
0.000294
0.000228
0.000307
0.000217
0.000317
0.000324
0.000231
0.000321
0.000378
0.000213
0.000363
0.000377
0.000454
0.000240
0.000317
0.000303
0.000440
0.000196
0.000295
0.000229
0.000467
0.000238
0.000546
0.000251
0.000701
0.000460
0.000392
0.000339
0.000495
0.000517
0.000248
0.000446
0.000206
0.000375
0.000298
0.000450
0.000158
0.000462
0.000171
0.000516
0.000216
0.000356
0.000261
0.000205
0.000229
0.000256
0.000487
0.000204
0.000513
0.000287
0.000243
0.000223
0.000273
0.000265
0.000227
0.000232
0.000207
0.000167
0.000223
0.000201
0.000205
0.000231
0.000247
0.000248
0.000189
0.000194
0.000244
0.000271
0.000320
0.000198
0.000230
0.000228
0.000227
0.000226
0.000204
0.000244
0.000245
0.000246
0.000209
0.000280
0.000197
0.000196
0.000210
0.000161
0.000258
0.000255
0.000241
0.000342
0.000241
0.000214
0.000262
0.000294
0.000276
0.000217
0.000239
0.000300
0.000175
0.000227
0.000222
0.000270
0.000244
0.000262
0.000258
0.000192
0.000232
0.000229
0.000207
0.000245
0.000168
0.000149
0.000208
0.000208
0.000281
0.000230
0.000199
0.000146
0.000271
0.000165
0.000343
0.000261
0.000174
0.000197
0.000178
0.000176
0.000131
0.000209
0.000166
0.000190
0.000317
0.000114
0.000271
0.000202
0.000309
0.000231
0.000180
0.000123
0.000150
0.000168
0.000171
0.000260
0.000146
0.000214
0.000183
0.000202
0.000227
0.000205
0.000176
0.000199
0.000197
0.000404
0.000229
0.000375
0.000380
0.000157
0.000228
0.000175
0.000139
0.000208
0.000093
0.000117
0.000106
0.000132
0.000133
0.000163
0.000180
0.000114
0.000135
0.000181
0.000142
0.000165
0.000171
0.000157
0.000155
0.000118
0.000170
0.000193
0.000151
0.000190
0.000146
0.000155
0.000128
0.000149
0.000145
0.000222
0.000190
0.000164
0.000136
0.000171
0.000171
0.000158
0.000200
0.000150
0.000192
0.000150
0.000220
0.000200
0.000264
0.000207
0.000255
0.000341
0.000204
0.000368
0.000139
0.000452
0.000148
0.000521
0.000243
0.000236
0.000278
0.000169
0.000266
0.000142
0.000228
0.000167
0.000258
0.000164
0.000260
0.000159
0.000372
0.000127
0.000399
0.000152
0.000398
0.000181
0.000233
0.000173
0.000248
0.000313
0.000213
0.000298
0.000203
0.000314
0.000156
0.000169
0.000149
0.000190
0.000192
0.000146
0.000173
0.000203
0.000172
0.000127
0.000233
0.000189
0.000203
0.000148
0.000130
0.000119
0.000165
0.000232
0.000286
0.000150
0.000412
0.000189
0.000330
0.000247
0.000255
0.000188
0.000117
0.000175
0.000156
0.000169
0.000120
0.000167
0.000168
0.000168
0.000114
0.000341
0.000148
0.000130
0.000271
0.000125
0.000292
0.000184
0.000376
0.000289
0.000109
0.000173
0.000142
0.000216
0.000254
0.000175
0.000201
0.000121
0.000261
0.000116
0.000297
0.000189
0.000172
0.000134
0.000229
0.001750
0.000144
0.000210
0.000160
0.000165
0.000228
0.000181
0.000162
0.000158
0.001388
0.000230
0.001297
0.000153
0.000284
0.000244
0.000232
0.000359
0.000236
0.001011
0.000902
0.000265
0.000351
0.000195
0.000191
0.000267
0.000313
0.000328
0.000393
0.000317
0.000667
0.000208
0.000624
0.000178
0.000490
0.000156
0.000537
0.000242
0.000976
0.000152
0.000749
0.000335
0.000464
0.000424
0.000286
0.000763
0.000744
0.000368
0.000655
0.000240
0.000218
0.000184
0.000299
0.000129
0.000196
0.000264
0.000168
0.000172
0.000145
0.000240
0.000182
0.000351
0.000366
0.000209
0.000411
0.000201
0.000125
0.000173
0.000596
0.000491
0.000249
0.000339
0.000143
0.000273
0.000195
0.000286
0.000233
0.000336
0.000181
0.000239
0.000144
0.000295
0.000157
0.000324
0.000344
0.000158
0.000194
0.000181
0.000260
0.000224
0.000139
0.000123
0.000152
0.000539
0.000281
0.000302
0.000506
0.000256
0.000540
0.000165
0.000232
0.000348
0.000237
0.000208
0.000258
0.000186
0.000181
0.000243
0.000355
0.000393
0.000381
0.000360
0.000473
0.000409
0.000869
0.000381
0.000530
0.000336
0.000783
0.000217
0.000733
0.000287
0.000460
0.000248
0.000351
0.000442
0.000260
0.000253
0.000286
0.000302
0.000272
0.000210
0.000399
0.000392
0.000201
0.000235
0.000209
0.000194
0.000264
0.000250
0.000309
0.000242
0.000442
0.000322
0.000199
0.000373
0.000366
0.000252
0.000350
0.000333
0.000284
0.000277
0.000303
0.000334
0.000190
0.000246
0.000211
0.000179
0.000225
0.000239
0.000278
0.000258
0.000215
0.000302
0.000153
0.000287
0.000234
0.000445
0.000356
0.000345
0.000638
0.000132
0.000461
0.000405
0.000312
0.000303
0.000295
0.000574
0.000257
0.000431
0.000187
0.000539
0.000413
0.000249
0.000329
0.000177
0.000207
0.000244
0.000238
0.000194
0.000331
0.000375
0.000358
0.000544
0.000242
0.000617
0.000393
0.000501
0.000433
0.000314
0.000508
0.000178
0.000394
0.000312
0.000376
0.000362
0.000306
0.000314
0.000249
0.000384
0.000309
0.000262
0.000564
0.000700
0.000252
0.000508
0.000317
0.000233
0.000413
0.000313
0.000404
0.000328
0.000424
0.000221
0.000254
0.000278
0.000217
0.000179
0.000270
0.000205
0.000274
0.000225
0.000155
0.000179
0.000282
0.000218
0.000367
0.000351
0.000190
0.000476
0.000248
0.000201
0.000183
0.000206
0.000207
0.000265
0.000320
0.000187
0.000207
0.000304
0.000169
0.000282
0.000297
0.000415
0.000210
0.000459
0.000432
0.000282
0.000445
0.000372
0.000205
0.000295
0.000330
0.000206
0.000249
0.000486
0.000328
0.000401
0.000492
0.000219
0.000449
0.000233
0.000238
0.000385
0.000314
0.000252
0.000250
0.000295
0.000180
0.000197
0.000204
0.000232
0.000219
0.000207
0.000319
0.000229
0.000215
0.000509
0.000236
0.000382
0.000362
0.000365
0.000668
0.000194
0.000435
0.000228
0.000385
0.000227
0.000346
0.000409
0.000249
0.000172
0.000181
0.000220
0.000307
0.000340
0.000193
0.000256
0.000213
0.000233
0.000129
0.000356
0.000356
0.000185
0.000189
0.000217
0.000199
0.000218
0.000160
0.000221
0.000177
0.000205
0.000256
0.000230
0.000174
0.000282
0.000206
0.000207
0.000385
0.000283
0.000197
0.000239
0.000222
0.000120
0.000281
0.000292
0.000289
0.000257
0.000189
0.000265
0.000325
0.000264
0.000163
0.000327
0.000331
0.000186
0.000197
0.000236
0.000348
0.000179
0.000194
0.000141
0.000244
0.000213
0.000161
0.000233
0.000129
0.000169
0.000183
0.000208
0.000145
0.000237
0.000303
0.000148
0.000331
0.000248
0.000139
0.000208
0.000207
0.000235
0.000138
0.000154
0.000175
0.000231
0.000162
0.000156
0.000117
0.000114
0.000246
0.000164
0.000194
0.000105
0.000135
0.000152
0.000223
0.000149
0.000211
0.000162
0.000172
0.000279
0.000152
0.000228
0.000173
0.000203
0.000152
0.000171
0.000149
0.000202
0.000122
0.000143
0.000195
0.000177
0.000158
0.000188
0.000137
0.000159
0.000277
0.000168
0.000197
0.000251
0.000229
0.000185
0.000206
0.000215
0.000208
0.000341
0.000219
0.000176
0.000187
0.000232
0.000146
0.000254
0.000180
0.000198
0.000220
0.000129
0.000216
0.000201
0.000189
0.000153
0.000208
0.000159
0.000127
0.000110
0.000155
0.000197
0.000179
0.000108
0.000221
0.000196
0.000314
0.000418
0.000210
0.000209
0.000298
0.000242
0.000242
0.000271
0.000116
0.000218
0.000236
0.000144
0.000168
0.000186
0.000268
0.000247
0.000270
0.000224
0.008494
0.000670
0.000310
0.000305
0.000288
0.000233
0.000252
0.000239
0.000196
0.000145
0.000210
0.000147
0.000269
0.000196
0.000223
0.000230
0.000231
0.000330
0.000279
0.000213
0.000194
0.000264
0.000186
0.000236
0.000292
0.000341
0.000450
0.000160
0.000362
0.000319
0.000268
0.000403
0.000423
0.000530
0.000157
0.000498
0.000395
0.000449
0.000408
0.000324
0.000547
0.000379
0.000606
0.000559
0.000353
0.000899
0.000324
0.009236
0.001558
0.000220
0.000802
0.000687
0.000506
0.009181
0.000793
0.000623
0.000640
0.000349
0.000548
0.000317
0.000655
0.000289
0.008357
0.000305
0.000829
0.000243
0.000719
0.000469
0.008732
0.001145
0.000627
0.001584
0.000441
0.001095
0.000493
0.000858
0.000636
0.000577
0.000536
0.000466
0.000493
0.000292
0.000395
0.000313
0.000480
0.000246
0.000526
0.000188
0.000377
0.008365
0.015947
0.002079
0.000913
0.001225
0.001204
0.000496
0.001551
0.000582
0.000782
0.000548
0.000536
0.000309
0.000453
0.000415
0.000410
0.000616
0.000419
0.000509
0.000416
0.000458
0.000507
0.000258
0.000367
0.000304
0.000306
0.000292
0.000312
0.000279
0.000314
0.000244
0.000288
0.000200
0.000239
0.000170
0.000260
0.000320
0.000327
0.000213
0.000294
0.000405
0.000271
0.000342
0.000235
0.000294
0.000385
0.000302
0.000216
0.000345
0.000381
0.000255
0.000136
0.008384
0.000417
0.000623
0.000251
0.000475
0.000524
0.000409
0.000207
0.000362
0.000200
0.000409
0.000218
0.000342
0.000291
0.000347
0.000486
0.000186
0.000333
0.000162
0.000243
0.000398
0.000385
0.000469
0.000186
0.000355
0.000191
0.008318
0.000795
0.000425
0.000562
0.000823
0.000448
0.000800
0.000245
0.000873
0.000247
0.000761
0.000293
0.000532
0.000500
0.000406
0.008337
0.000974
0.000689
0.000605
0.000890
0.000314
0.000821
0.000227
0.000838
0.000234
0.000613
0.000231
0.000659
0.000290
0.000446
0.000379
0.008205
0.000198
0.000441
0.000251
0.000394
0.000359
0.000265
0.000370
0.000343
0.000351
0.000271
0.000227
0.000348
0.000392
0.000318
0.000318
0.000220
0.000225
0.000268
0.000230
0.000228
0.000199
0.000239
0.000330
0.000222
0.000201
0.000185
0.000297
0.000256
0.000209
0.000249
0.008325
0.000502
0.000263
0.000334
0.000396
0.000431
0.000226
0.000375
0.000286
0.000177
0.000304
0.000218
0.000201
0.000296
0.000310
0.000182
0.000183
0.000193
0.000292
0.000230
0.000323
0.000190
0.008344
0.000395
0.000433
0.000266
0.000280
0.008572
0.008067
0.000804
0.000405
0.000446
0.000809
0.000543
0.000322
0.000725
0.000774
0.008380
0.000455
0.000405
0.000266
0.000427
0.000289
0.000656
0.000286
0.000346
0.000417
0.000471
0.000289
0.008272
0.000771
0.000488
0.000805
0.000276
0.000574
0.000204
0.000640
0.000297
0.000608
0.000258
0.000385
0.000495
0.000271
0.000280
0.000327
0.000437
0.000228
0.000275
0.000332
0.000259
0.000434
0.008280
0.000436
0.000242
0.000290
0.000294
0.000319
0.000383
0.000259
0.000264
0.008294
0.000496
0.000387
0.000385
0.000332
0.000343
0.000371
0.000350
0.000369
0.000348
0.000402
0.000251
0.000412
0.000352
0.000406
0.000635
0.000320
0.000353
0.000386
0.000360
0.000284
0.000327
0.000317
0.000292
0.000387
0.000375
0.000235
0.000384
0.000257
0.008516
0.000391
0.000210
0.000580
0.000248
0.000476
0.000319
0.000338
0.000458
0.000237
0.000372
0.000324
0.008120
0.000492
0.008362
0.000349
0.000307
0.000338
0.000305
0.000280
0.000260
0.000239
0.000282
0.000273
0.000268
0.000332
0.000258
0.000381
0.008299
0.000379
0.000169
0.000236
0.000199
0.000243
0.000194
0.008010
0.000331
0.000293
0.000353
0.000281
0.000382
0.000283
0.000281
0.000241
0.000299
0.000248
0.000367
0.008039
0.000679
0.000674
0.000606
0.000381
0.000753
0.000371
0.000295
0.000483
0.000418
0.000308
0.000496
0.000378
0.000237
0.000314
0.000297
0.024209
0.002589
0.000866
0.001041
0.001011
0.000604
0.000447
0.000510
0.008459
0.000515
0.000499
0.000476
0.000626
0.000365
0.000527
0.000403
0.000281
0.000639
0.000529
0.000369
0.000464
0.000512
0.000289
0.000535
0.000331
0.000442
0.000370
0.008235
0.000760
0.000609
0.000520
0.000413
0.000420
0.000318
0.000519
0.000531
0.000384
0.000654
0.000276
0.000245
0.000244
0.000351
0.000302
0.000528
0.000411
0.000205
0.000239
0.000225
0.000238
0.000202
0.000182
0.000260
0.000183
0.000407
0.000291
0.000232
0.000292
0.000140
0.000154
0.000236
0.000269
0.000252
0.008523
0.000257
0.000296
0.000328
0.000333
0.000213
0.000188
0.000342
0.000278
0.000204
0.000404
0.008099
0.000589
0.000302
0.000476
0.000220
0.000252
0.000247
0.000242
0.000425
0.000215
0.000188
0.000271
0.000191
0.000210
0.000214
0.000144
0.000297
0.000214
0.000304
0.000444
0.000277
0.000351
0.000287
0.000429
0.000182
0.008863
0.000427
0.007977
0.000394
0.000317
0.000261
0.000307
0.000251
0.000393
0.000324
0.000354
0.000247
0.000308
0.000326
0.000210
0.000246
0.000275
0.000304
0.000248
0.000193
0.000227
0.000251
0.000204
0.000377
0.000252
0.000175
0.000266
0.000283
0.000326
0.000169
0.000221
0.000223
0.000227
0.000221
0.000185
0.000218
0.000247
0.000138
0.000161
0.000172
0.000240
0.000196
0.000265
0.000201
0.000222
0.000248
0.000131
0.000192
0.000147
0.000163
0.000217
0.000205
0.000164
0.000244
0.000166
0.000191
0.000119
0.000304
0.000183
0.000182
0.000230
0.000140
0.000204
0.000234
0.000128
0.000172
0.008311
0.000506
0.000218
0.000312
0.000308
0.000417
0.000305
0.000147
0.000379
0.000176
0.000316
0.000426
0.000300
0.000197
0.000207
0.000255
0.000218
0.000358
0.000147
0.000406
0.000343
0.000273
0.000273
0.000136
0.008321
0.000489
0.000300
0.008222
0.000583
0.000187
0.000594
0.000217
0.000288
0.000223
0.000293
0.000298
0.000349
0.000400
0.000303
0.000408
0.000239
0.000405
0.000212
0.000260
0.000220
0.000250
0.000254
0.000252
0.000248
0.000238
0.000160
0.000168
0.000200
0.000196
0.000177
0.000196
0.000163
0.000139
0.000155
0.000119
0.000241
0.000171
0.000216
0.000278
0.000199
0.000233
0.000166
0.000316
0.000343
0.000323
0.000272
0.000176
0.000230
0.000200
0.000496
0.000235
0.000427
0.000187
0.000251
0.000239
0.000183
0.000227
0.008356
0.000304
0.000241
0.000267
0.000147
0.000267
0.000390
0.000183
0.000331
0.000249
0.008044
0.008230
0.000270
0.000564
0.000144
0.000372
0.000264
0.000328
0.000405
0.000306
0.000323
0.000365
0.000331
0.000159
0.000486
0.000203
0.000258
0.000283
0.000152
0.000263
0.000300
0.000277
0.000190
0.000328
0.000298
0.000210
0.000286
0.000185
0.000322
0.000204
0.000207
0.000214
0.000244
0.000150
0.000168
0.000169
0.007987
0.000446
0.000150
0.000280
0.000379
0.007982
0.000192
0.000438
0.000335
0.000320
0.000346
0.000295
0.000186
0.000237
0.000385
0.000180
0.000236
0.000453
0.000220
0.000385
0.000405
0.000186
0.000513
0.000184
0.000299
0.000251
0.000168
0.000217
0.000284
0.000421
0.000165
0.000401
0.000222
0.008422
0.000287
0.000355
0.000293
0.000382
0.000383
0.000235
0.000298
0.000418
0.000315
0.000209
0.000348
0.000210
0.000337
0.000219
0.000227
0.000190
0.000268
0.000187
0.000218
0.000200
0.000150
0.000131
0.008181
0.000159
0.000207
0.000212
0.000195
0.000260
0.000270
0.000208
0.000184
0.000272
0.007907
0.000300
0.000255
0.000230
0.000312
0.000222
0.000440
0.000305
0.000288
0.000290
0.000213
0.000235
0.000294
0.000337
0.000157
0.000333
0.000180
0.000344
0.000222
0.000293
0.000290
0.000262
0.000281
0.000253
0.000176
0.000248
0.000203
0.000214
0.000227
0.000236
0.000251
0.000284
0.000202
0.000135
0.000191
0.000239
0.000119
0.000269
0.000236
0.000218
0.000231
0.000400
0.000266
0.000252
0.000156
0.008246
0.000652
0.000344
0.000493
0.000576
0.000323
0.000531
0.000400
0.000296
0.000323
0.008052
0.000544
0.000408
0.000284
0.000361
0.000245
0.000479
0.000400
0.007934
0.000407
0.000253
0.000217
0.000276
0.000340
0.000333
0.000341
0.000379
0.000184
0.000322
0.008857
0.000769
0.000361
0.000713
0.000506
0.000381
0.000409
0.000241
0.000435
0.000375
0.000260
0.000164
0.000490
0.000319
0.000224
0.000202
0.000234
0.000307
0.000205
0.000361
0.000295
0.000396
0.000277
0.000254
0.000211
0.000362
0.000217
0.000383
0.000206
0.000191
0.000167
0.000246
0.000235
0.000295
0.000127
0.000280
0.000178
0.000254
0.000248
0.000223
0.008327
0.000548
0.000574
0.000545
0.000589
0.000415
0.000733
0.000296
0.000423
0.000374
0.000466
0.000625
0.000228
0.000511
0.008394
0.000515
0.000618
0.000286
0.000512
0.000426
0.000663
0.000608
0.000507
0.000760
0.000380
0.001168
0.000628
0.009070
0.002126
0.008044
0.001012
0.000255
0.000864
0.000718
0.008308
0.001312
0.000441
0.001798
0.000627
0.001271
0.000798
0.000866
0.001635
0.000640
0.001800
0.000434
0.001600
0.000899
0.001112
0.000912
0.000842
0.001002
0.009467
0.002457
0.001011
0.002207
0.000365
0.002276
0.000352
0.001263
0.000212
0.000813
0.000333
0.000615
0.000461
0.000836
0.000369
0.000817
0.000455
0.000888
0.000250
0.000942
0.000373
0.008252
0.008399
0.000409
0.000403
0.007981
0.008273
0.000755
0.008366
0.000866
0.001207
0.000695
0.000515
0.008275
0.000766
0.000585
0.008343
0.001114
0.000400
0.000802
0.000487
0.000876
0.000722
0.000669
0.008990
0.008900
0.001209
0.001679
0.001232
0.001152
0.001383
0.009452
0.000414
0.000553
0.007690
0.001183
0.000729
0.000309
0.008065
0.000492
0.000414
0.000663
0.000508
0.000421
0.000367
0.000513
0.000406
0.007879
0.000667
0.000483
0.000785
0.000287
0.000909
0.000323
0.000674
0.000508
0.000601
0.000388
0.008181
0.000584
0.008269
0.000425
0.000487
0.000163
0.000294
0.000342
0.000324
0.000225
0.000322
0.000245
0.000194
0.000156
0.000298
0.000214
0.000258
0.000250
0.000241
0.000230
0.000281
0.000148
0.000150
0.000157
0.000364
0.000325
0.000197
0.000494
0.000221
0.000264
0.000215
0.000284
0.000280
0.000310
0.000139
0.000176
0.000238
0.000259
0.000127
0.000248
0.000215
0.000347
0.000337
0.007856
0.000239
0.000213
0.000384
0.000278
0.000376
0.000331
0.000269
0.000198
0.000364
0.000375
0.000327
0.000268
0.008016
0.000555
0.000281
0.000451
0.000241
0.000360
0.000396
0.008517
0.000368
0.000567
0.000504
0.000323
0.000277
0.000505
0.000473
0.000237
0.000337
0.000292
0.000289
0.000213
0.000170
0.000299
0.000296
0.000284
0.000185
0.000252
0.008162
0.000234
0.000288
0.008304
0.000255
0.000270
0.000317
0.000358
0.000268
0.000338
0.000293
0.000484
0.007897
0.008241
0.000555
0.000832
0.000318
0.000576
0.000509
0.008178
0.000557
0.008086
0.000784
0.000903
0.008036
0.001713
0.000238
0.001228
0.000384
0.000669
0.007660
0.007706
0.000585
0.000674
0.000530
0.000394
0.008483
0.000612
0.000569
0.000647
0.000435
0.007673
0.000641
0.000879
0.000284
0.000805
0.000277
0.000407
0.000464
0.000426
0.000564
0.008695
0.000411
0.000416
0.000465
0.000557
0.007878
0.001048
0.000372
0.000892
0.000543
0.000523
0.000391
0.000811
0.000393
0.000574
0.000494
0.000913
0.000340
0.000731
0.008232
0.000377
0.000571
0.000338
0.000284
0.000358
0.000683
0.000233
0.000647
0.000505
0.000332
0.000421
0.000369
0.000319
0.000278
0.000457
0.000366
0.000352
0.000388
0.000428
0.008018
0.000963
0.000416
0.000645
0.000238
0.000379
0.000266
0.007985
0.000326
0.000386
0.000219
0.000215
0.000303
0.000338
0.000305
0.000308
0.000332
0.000172
0.000343
0.008030
0.000293
0.000405
0.000338
0.000217
0.000360
0.000135
0.000328
0.000242
0.000324
0.000192
0.000312
0.000187
0.000318
0.000227
0.000212
0.000268
0.007757
0.000432
0.000229
0.000330
0.000229
0.000320
0.000245
0.000436
0.008154
0.000983
0.000302
0.000619
0.000251
0.000440
0.000424
0.000321
0.000552
0.000276
0.000241
0.000163
0.008285
0.000248
0.014404
0.000849
0.008969
0.000654
0.000730
0.000689
0.007901
0.000331
0.000738
0.000851
0.000967
0.000717
0.000606
0.001007
0.000505
0.000260
0.000319
0.000423
0.000402
0.007519
0.000769
0.000835
0.000383
0.000486
0.000407
0.008363
0.000189
0.000264
0.007293
0.000456
0.000380
0.000343
0.000400
0.000359
0.000265
0.000335
0.000190
0.000231
0.000248
0.000265
0.007532
0.000493
0.007584
0.008118
0.000509
0.000324
0.007951
0.000284
0.007558
0.000539
0.000341
0.000679
0.000602
0.000583
0.000478
0.000609
0.007931
0.000850
0.000405
0.000578
0.000408
0.000571
0.000203
0.000332
0.000369
0.000284
0.000266
0.000161
0.000252
0.000123
0.000310
0.000151
0.000286
0.000247
0.000100
0.000185
0.000168
0.000158
0.000252
0.000152
0.000252
0.000168
0.000302
0.000211
0.000176
0.000103
0.000245
0.000224
0.007970
0.000388
0.000687
0.008002
0.000273
0.007801
0.000340
0.008611
0.000232
0.000359
0.007307
0.000279
0.015380
0.001438
0.000802
0.001041
0.000659
0.000732
0.008578
0.007839
0.000714
0.001007
0.001302
0.000317
0.000830
0.000844
0.000587
0.000610
0.000420
0.000394
0.000686
0.000396
0.000262
0.000530
0.000449
0.000468
0.008124
0.000363
0.015325
0.000615
0.000369
0.000465
0.007715
0.000823
0.000501
0.000656
0.000256
0.000489
0.000334
0.000455
0.000197
0.007824
0.000678
0.000396
0.000752
0.000692
0.000482
0.000232
0.000736
0.007905
0.001096
0.000554
0.008530
0.000812
0.000863
0.000470
0.000509
0.000706
0.000365
0.000781
0.008366
0.000486
0.000714
0.007516
0.000785
0.000991
0.008314
0.000463
0.000951
0.000520
0.000827
0.000718
0.000869
0.000448
0.000645
0.000203
0.000471
0.000276
0.000398
0.000372
0.000427
0.000293
0.007622
0.000320
0.000298
0.000385
0.007728
0.000217
0.000515
0.000397
0.000274
0.000404
0.007291
0.000627
0.000299
0.000430
0.000214
0.000350
0.000260
0.000352
0.000323
0.000315
0.000361
0.000310
0.000307
0.007990
0.000940
0.000382
0.000613
0.000362
0.000270
0.000379
0.007897
0.000283
0.000369
0.000294
0.000198
0.000341
0.000301
0.000269
0.000294
0.000187
0.000193
0.000171
0.000245
0.008128
0.000280
0.000291
0.000355
0.000289
0.000293
0.000258
0.000380
0.000268
0.000261
0.000327
0.000358
0.000248
0.000269
0.007783
0.000473
0.000450
0.000373
0.000170
0.000328
0.000461
0.007469
0.008132
0.000827
0.007400
0.000855
0.000381
0.000600
0.000601
0.000415
0.000477
0.000484
0.000198
0.000471
0.000354
0.000211
0.008211
0.000413
0.000271
0.000424
0.000261
0.000392
0.000406
0.008001
0.000182
0.000381
0.007116
0.000231
0.000243
0.000356
0.000232
0.000233
0.000126
0.000182
0.000235
0.000252
0.000258
0.000269
0.000138
0.000394
0.000209
0.000124
0.000243
0.000107
0.000133
0.000202
0.000106
0.000263
0.000162
0.008105
0.000418
0.000304
0.000164
0.000353
0.022731
0.001156
0.000678
0.000940
0.000657
0.000847
0.000850
0.008455
0.000751
0.000455
0.000502
0.000356
0.008376
0.000440
0.000602
0.000434
0.000285
0.000492
0.000428
0.000348
0.000439
0.007471
0.008199
0.000388
0.000395
0.000658
0.000345
0.000447
0.000265
0.000436
0.000462
0.000376
0.000316
0.000380
0.000305
0.015901
0.015019
0.001008
0.008306
0.000901
0.007239
0.000984
0.000579
0.000774
0.000509
0.000358
0.007937
0.008022
0.001001
0.000670
0.007028
0.000741
0.000716
0.007946
0.000764
0.000725
0.000732
0.000701
0.000559
0.000497
0.000544
0.000443
0.000805
0.000637
0.000321
0.000764
0.000529
0.000302
0.000498
0.000238
0.000339
0.000473
0.000311
0.000270
0.000437
0.000479
0.000235
0.000371
0.000630
0.000133
0.000702
0.000443
0.000435
0.000459
0.000677
0.000386
0.000685
0.000357
0.000176
0.000445
0.000611
0.000344
0.000357
0.000509
0.000402
0.000631
0.000372
0.000243
0.008565
0.000221
0.000220
0.007954
0.000356
0.000239
0.000269
0.000248
0.000278
0.000293
0.000314
0.008016
0.000248
0.000519
0.000343
0.000383
0.000185
0.000338
0.000442
0.000308
0.000259
0.000196
0.008218
0.000462
0.000148
0.000571
0.000201
0.008769
0.000256
0.000357
0.000349
0.000409
0.007898
0.000204
0.000595
0.000195
0.000596
0.000222
0.000471
0.000244
0.007985
0.000928
0.000318
0.000593
0.000525
0.000248
0.000352
0.000301
0.000381
0.000339
0.000223
0.000244
0.000259
0.000203
0.000163
0.000211
0.000166
0.007956
0.000444
0.000277
0.000230
0.000327
0.000341
0.000153
0.000219
0.007726
0.000194
0.000109
0.000221
0.000223
0.000195
0.000162
0.000132
0.000153
0.000126
0.000266
0.000223
0.000154
0.000162
0.014996
0.000923
0.000467
0.000715
0.000332
0.000451
0.000439
0.008232
0.000482
0.000240
0.000324
0.023547
0.001283
0.001184
0.000600
0.000580
0.000739
0.000326
0.000528
0.000724
0.014940
0.015074
0.000591
0.001700
0.000677
0.000437
0.001348
0.015024
0.000569
0.000344
0.000475
0.000510
0.001349
0.000871
0.007063
0.000255
0.008441
0.000603
0.000613
0.006350
0.000572
0.001044
0.000237
0.000184
0.000774
0.000426
0.000271
0.000232
0.000682
0.008038
0.000690
0.000310
0.000658
0.000276
0.007814
0.006827
0.000433
0.000567
0.000491
0.000513
0.006275
0.000379
0.000401
0.007889
0.000935
0.000475
0.000748
0.000509
0.000571
0.001088
0.000443
0.000628
0.000388
0.000421
0.000566
0.000417
0.000320
0.000412
0.000253
0.015805
0.001623
0.001078
0.000467
0.009085
0.000832
0.000850
0.008687
0.000550
0.000275
0.000619
0.015152
0.000776
0.001163
0.000451
0.007455
0.000372
0.007900
0.000397
0.000387
0.000535
0.000336
0.000374
0.000433
0.000724
0.000723
0.007789
0.000411
0.000397
0.000480
0.000229
0.000427
0.000302
0.000540
0.000259
0.000366
0.000320
0.000288
0.000168
0.015115
0.000662
0.000420
0.007280
0.000431
0.000478
0.000163
0.000319
0.000208
0.000592
0.000184
0.000405
0.000177
0.000270
0.000347
0.000307
0.008195
0.000374
0.000377
0.000227
0.000335
0.007736
0.000553
0.000259
0.007834
0.000322
0.000280
0.000139
0.000285
0.000274
0.000316
0.000334
0.000553
0.000710
0.000147
0.000204
0.007488
0.000447
0.000214
0.000131
0.000527
0.000162
0.000242
0.000185
0.000173
0.000175
0.000190
0.000153
0.000185
0.000146
0.000203
0.000108
0.000251
0.007746
0.007636
0.000431
0.000584
0.000184
0.000283
0.000186
0.000209
0.000330
0.007366
0.000342
0.000310
0.007315
0.000283
0.000458
0.000273
0.000253
0.000270
0.000290
0.000249
0.000253
0.000341
0.000223
0.000415
0.008030
0.000263
0.000877
0.000173
0.000293
0.000438
0.000262
0.007093
0.000407
0.000253
0.000204
0.000422
0.000276
0.000231
0.000300
0.000227
0.000347
0.000500
0.000239
0.000234
0.001296
0.000385
0.000301
0.000335
0.000348
0.008168
0.000479
0.000485
0.000318
0.000423
0.000685
0.008167
0.000588
0.001142
0.000357
0.008385
0.008491
0.000549
0.000618
0.000938
0.000302
0.000555
0.008284
0.000554
0.000631
0.000615
0.000227
0.000588
0.000697
0.000200
0.000677
0.000319
0.000557
0.007854
0.000893
0.007805
0.007516
0.001307
0.007864
0.015112
0.000900
0.000895
0.001073
0.007589
0.000933
0.000430
0.000833
0.008496
0.000689
0.000801
0.000640
0.000586
0.000450
0.000798
0.008549
0.000466
0.001572
0.000418
0.001002
0.000660
0.001706
0.000665
0.000839
0.000762
0.000296
0.000811
0.000551
0.000489
0.007196
0.000475
0.000713
0.007299
0.000519
0.000402
0.007039
0.008096
0.000730
0.007736
0.000177
0.000335
0.000465
0.007657
0.008261
0.015304
0.008087
0.000231
0.015553
0.000828
0.000525
0.000706
0.000547
0.000341
0.007910
0.000273
0.008137
0.000697
0.007581
0.000511
0.000487
0.014635
0.007725
0.000897
0.008795
0.000371
0.007794
0.000478
0.015182
0.001027
0.007010
0.000882
0.000911
0.007675
0.007960
0.000910
0.001164
0.000761
0.000547
0.000952
0.000774
0.007417
0.001190
0.000561
0.000618
0.000771
0.000700
0.007919
0.007813
0.001202
0.000692
0.008254
0.008143
0.001007
0.000464
0.008129
0.000914
0.007810
0.000640
0.000594
0.000375
0.000431
0.000653
0.000407
0.000519
0.008571
0.007790
0.000677
0.000429
0.000962
0.007470
0.000515
0.000540
0.008076
0.000420
0.015448
0.000490
0.000318
0.000384
0.000515
0.000200
0.008312
0.000615
0.008264
0.000515
0.015537
0.000764
0.007878
0.000213
0.000264
0.000617
0.000325
0.000367
0.009071
0.008215
0.000485
0.008867
0.000387
0.000639
0.015400
0.023111
0.001937
0.001501
0.009404
0.000364
0.001381
0.007824
0.007896
0.001485
0.008975
0.008250
0.001176
0.001456
0.000966
0.000420
0.001590
0.000848
0.000898
0.000560
0.001122
0.000808
0.000439
0.008224
0.000633
0.008280
0.008373
0.000975
0.000412
0.008829
0.008186
0.001698
0.001114
0.000547
0.008827
0.015733
0.007687
0.001213
0.009391
0.000934
0.015948
0.008280
0.000941
0.007928
0.013998
0.021284
0.001340
0.001687
0.000835
0.001181
0.008581
0.000891
0.000739
0.009047
0.001089
0.000783
0.000744
0.000832
0.024062
0.000789
0.001168
0.000309
0.015087
0.023147
0.009253
0.001471
0.000633
0.001186
0.016809
0.000715
0.009476
0.000938
0.000826
0.001582
0.000667
0.001347
0.001429
0.008187
0.001370
0.000809
0.000710
0.007771
0.000944
0.006994
0.000479
0.007707
0.000524
0.007641
0.000580
0.008458
0.007459
0.008053
0.000899
0.000489
0.015811
0.000442
0.008278
0.000563
0.015943
0.000545
0.000504
0.000410
0.000498
0.007077
0.000703
0.000605
0.007340
0.000354
0.015306
0.015990
0.001176
0.000625
0.000532
0.000542
0.000704
0.016290
0.007761
0.001419
0.000989
0.007890
0.000657
0.000786
0.000362
0.000263
0.000585
0.008594
0.016650
0.024199
0.007875
0.015376
0.001299
0.007302
0.000560
0.007834
0.000974
0.000848
0.008375
0.000600
0.008175
0.000776
0.000374
0.000648
0.000677
0.015503
0.001399
0.008272
0.001327
0.000502
0.000512
0.008546
0.000670
0.008858
0.024137
0.008522
0.001536
0.007975
0.000979
0.001079
0.007389
0.016200
0.002367
0.008550
0.000894
0.009134
0.000662
0.008516
0.008925
0.008584
0.000591
0.008164
0.015888
0.000681
0.000598
0.001059
0.008718
0.008490
0.008175
0.000405
0.000776
0.008169
0.000593
0.008666
0.023557
0.016338
0.015753
0.001162
0.014996
0.000664
0.000630
0.000559
0.016388
0.000430
0.000825
0.000530
0.000790
0.007927
0.000524
0.000589
0.000532
0.014212
0.007437
0.008657
0.008246
0.000683
0.008469
0.015822
0.007609
0.001337
0.007081
0.008944
0.000827
0.008402
0.000696
0.015565
0.015430
0.001379
0.009010
0.008624
0.008757
0.001600
0.008698
0.008369
0.008504
0.001443
0.007649
0.008484
0.000820
0.008864
0.008650
0.007623
0.001024
0.001102
0.008733
0.000722
0.001623
0.001134
0.015532
0.001127
0.008637
0.009469
0.000382
0.001175
0.008822
0.000523
0.000657
0.001567
0.008048
0.000466
0.000354
0.000831
0.000744
0.007693
0.000775
0.000781
0.000543
0.008584
0.000325
0.008389
0.008031
0.000399
0.000885
0.015511
0.007608
0.001208
0.000499
0.000562
0.000960
0.000354
0.000412
0.008452
0.000352
0.007899
0.000553
0.007035
0.022570
0.001076
0.000639
0.000718
0.008623
0.007112
0.000671
0.000769
0.008229
0.007614
0.000480
0.000324
0.000394
0.000335
0.008426
0.000290
0.000372
0.007991
0.000345
0.008202
0.000476
0.007480
0.015767
0.000382
0.023394
0.008240
0.008357
0.007012
0.000388
0.000400
0.000386
0.000278
0.000448
0.007475
0.015712
0.015458
0.016571
0.014882
0.000617
0.000701
0.008447
0.000444
0.000841
0.000420
0.008198
0.000314
0.000547
0.007984
0.000432
0.008201
0.000491
0.000384
0.000638
0.007558
0.000385
0.000302
0.023221
0.008218
0.001686
0.000675
0.000403
0.008262
0.008146
0.000726
0.014781
0.000748
0.007693
0.008369
0.000489
0.000447
0.000641
0.008400
0.000425
0.000383
0.000399
0.008415
0.008433
0.015482
0.008655
0.007670
0.000633
0.022819
0.000425
0.000704
0.008019
0.007942
0.007767
0.000608
0.008297
0.008178
0.000230
0.000400
0.008288
0.000627
0.000719
0.000276
0.000866
0.000697
0.007744
0.000908
0.000528
0.000541
0.000466
0.000269
0.000348
0.015762
0.000562
0.007894
0.000235
0.000233
0.000395
0.000376
0.007827
0.000317
0.000384
0.000416
0.008132
0.023979
0.000778
0.000566
0.007768
0.008396
0.000492
0.007590
0.007750
0.000353
0.000272
0.000419
0.000225
0.007662
0.008436
0.008064
0.007696
0.008170
0.000387
0.008001
0.007760
0.023163
0.000386
0.000618
0.000614
0.008229
0.000549
0.000581
0.000434
0.007584
0.008075
0.000520
0.000371
0.000333
0.000421
0.007641
0.000491
0.000322
0.000292
0.000431
0.000269
0.000385
0.000329
0.000249
0.008131
0.015786
0.007974
0.007475
0.000810
0.016538
0.016496
0.008567
0.008476
0.000536
0.008722
0.008331
0.000639
0.008108
0.008151
0.000387
0.015763
0.008066
0.015067
0.001986
0.001092
0.000887
0.001632
0.001195
0.008295
0.001235
0.007951
0.008259
0.000879
0.009028
0.000441
0.000780
0.008038
0.000441
0.000599
0.000274
0.000339
0.007674
0.000273
0.015215
0.007581
0.000515
0.000887
0.008356
0.008447
0.000584
0.000404
0.000229
0.000340
0.000391
0.008483
0.023181
0.000396
0.000365
0.000429
0.000503
0.000654
0.008341
0.007856
0.000477
0.008304
0.008029
0.000356
0.007953
0.000416
0.007710
0.000270
0.000375
0.014875
0.000457
0.007967
0.000484
0.008078
0.008716
0.007846
0.000597
0.000440
0.000294
0.000483
0.000459
0.008320
0.000437
0.014892
0.000641
0.000471
0.000444
0.000381
0.000534
0.000405
0.000255
0.000249
0.000372
0.000324
0.015516
0.000244
0.000163
0.016424
0.000238
0.008369
0.000402
0.000202
0.007795
0.008509
0.008139
0.000352
0.008241
0.007950
0.000187
0.000201
0.000381
0.000223
0.007649
0.007916
0.000262
0.008375
0.000217
0.007714
0.000361
0.014513
0.000324
0.000410
0.000232
0.000182
0.000325
0.015932
0.000706
0.001290
0.007509
0.000776
0.000688
0.008178
0.000466
0.000801
0.007939
0.000302
0.016196
0.022796
0.001185
0.008486
0.008721
0.000505
0.008363
0.000837
0.016269
0.007902
0.007666
0.008170
0.000621
0.008270
0.000412
0.008175
0.008253
0.000507
0.000620
0.007774
0.007665
0.007473
0.014491
0.000436
0.000423
0.000647
0.008945
0.007035
0.001291
0.008168
0.016303
0.000597
0.000622
0.000657
0.000406
0.008744
0.000415
0.000502
0.000477
0.000367
0.008523
0.000578
0.000325
0.000408
0.000241
0.000414
0.000313
0.000440
0.000506
0.008139
0.000346
0.000335
0.000408
0.000254
0.008187
0.000270
0.000206
0.000248
0.007907
0.000210
0.000273
0.000274
0.008599
0.008167
0.000471
0.016201
0.000371
0.000245
0.008594
0.008695
0.000511
0.000329
0.000292
0.000426
0.000194
0.000208
0.000429
0.000292
0.016015
0.031735
0.008359
0.008770
0.000671
0.000494
0.000817
0.000892
0.015817
0.000975
0.000733
0.008230
0.001170
0.000544
0.007949
0.000670
0.000645
0.000285
0.008191
0.016192
0.008073
0.000771
0.000722
0.022528
0.000676
0.000667
0.000406
0.000542
0.000438
0.008253
0.000196
0.000254
0.008091
0.000250
0.008093
0.000374
0.015638
0.000223
0.007921
0.008046
0.000463
0.000392
0.000339
0.000323
0.008185
0.007979
0.008530
0.000344
0.000254
0.007944
0.000326
0.000283
0.008105
0.000404
0.016554
0.000253
0.000329
0.008333
0.022153
0.000543
0.000474
0.015458
0.008108
0.000374
0.000465
0.008275
0.000332
0.009002
0.007895
0.008094
0.007922
0.015911
0.001151
0.000656
0.007981
0.000441
0.007778
0.000480
0.016368
0.000293
0.015577
0.000433
0.000484
0.007575
0.015241
0.008149
0.000592
0.000650
0.000369
0.000516
0.016435
0.008385
0.008259
0.008031
0.000415
0.000587
0.015106
0.022607
0.001365
0.001268
0.000400
0.001068
0.008582
0.007667
0.000672
0.001241
0.008383
0.015985
0.000551
0.000265
0.000468
0.015831
0.008514
0.007532
0.007367
0.000645
0.000421
0.000249
0.008086
0.000321
0.007463
0.000442
0.007803
0.000509
0.007816
0.000247
0.000246
0.000282
0.008676
0.000166
0.007761
0.007617
0.007821
0.000348
0.008232
0.000334
0.015974
0.007989
0.000639
0.000269
0.000453
0.000443
0.008656
0.000392
0.009010
0.000256
0.008244
0.000564
0.000518
0.007637
0.007782
0.008705
0.000537
0.015931
0.000785
0.007965
0.000769
0.000464
0.008117
0.000556
0.000319
0.008340
0.007869
0.007992
0.008202
0.000231
0.000402
0.000349
0.000204
0.000216
0.000200
0.000434
0.008534
0.000313
0.000209
0.008106
0.000453
0.000160
0.000207
0.000185
0.000395
0.000243
0.000187
0.000131
0.008241
0.000281
0.007747
0.000363
0.000337
0.008155
0.000295
0.000201
0.000208
0.008250
0.007604
0.000385
0.000281
0.000461
0.000374
0.000402
0.000282
0.000389
0.000390
0.000369
0.016590
0.000283
0.000573
0.015398
0.000296
0.000276
0.000248
0.008249
0.008385
0.000471
0.000489
0.016482
0.000225
0.000496
0.000202
0.000335
0.000318
0.000199
0.008254
0.008033
0.008113
0.008405
0.007831
0.000567
0.007929
0.000398
0.000389
0.000385
0.000294
0.008129
0.000503
0.015995
0.000355
0.000374
0.000178
0.000186
0.000397
0.000317
0.008271
0.008366
0.007818
0.000747
0.015854
0.007967
0.000608
0.000538
0.015452
0.000508
0.007946
0.000498
0.000409
0.000411
0.000512
0.008708
0.008282
0.007997
0.000838
0.000453
0.022908
0.007814
0.000981
0.000899
0.016228
0.014948
0.023043
0.001122
0.008023
0.000862
0.008756
0.017283
0.001000
0.000797
0.007980
0.000444
0.000601
0.000693
0.000363
0.000415
0.000622
0.000349
0.000285
0.000403
0.000361
0.008281
0.008763
0.016672
0.000352
0.007899
0.007999
0.008752
0.008125
0.016145
0.000612
0.008232
0.000541
0.000529
0.000356
0.000497
0.000416
0.000315
0.000605
0.000469
0.000302
0.000514
0.000421
0.000307
0.008498
0.008558
0.000337
0.000316
0.000225
0.000482
0.000290
0.000277
0.000236
0.008018
0.000263
0.007590
0.000240
0.015752
0.007823
0.015621
0.007908
0.008677
0.000272
0.008467
0.000168
0.015743
0.000512
0.007998
0.007838
0.015516
0.000389
0.000529
0.007812
0.015875
0.000349
0.008148
0.008075
0.007633
0.007425
0.000317
0.000385
0.000294
0.000265
0.007867
0.015304
0.000463
0.000451
0.000407
0.007506
0.008303
0.000487
0.000770
0.008402
0.000253
0.000364
0.000364
0.000287
0.000271
0.000253
0.000302
0.000242
0.000224
0.000211
0.007978
0.000251
0.008033
0.000378
0.007746
0.008598
0.007623
0.014888
0.000539
0.000400
0.008689
0.000513
0.008335
0.007872
0.000773
0.015997
0.015123
0.000434
0.001075
0.000626
0.000405
0.000621
0.009348
0.008297
0.001138
0.015498
0.008265
0.008546
0.000327
0.000768
0.008589
0.000598
0.008100
0.008313
0.008224
0.000617
0.008337
0.008456
0.008764
0.000371
0.000394
0.000373
0.015297
0.007723
0.000403
0.007652
0.000411
0.000370
0.000349
0.008493
0.000628
0.000338
0.000324
0.000481
0.000442
0.000229
0.000395
0.007515
0.007259
0.000274
0.000306
0.008732
0.000367
0.008352
0.015511
0.000666
0.000552
0.000443
0.000395
0.000288
0.000385
0.000418
0.008520
0.008644
0.007807
0.000427
0.000262
0.008106
0.008158
0.008996
0.008158
0.007786
0.007956
0.017576
0.000380
0.000705
0.000664
0.015231
0.000304
0.000401
0.000495
0.007795
0.000336
0.007830
0.008011
0.000962
0.007880
0.008569
0.007487
0.000617
0.000388
0.007762
0.000322
0.000387
0.000383
0.000417
0.007442
0.000265
0.000204
0.000169
0.000329
0.000277
0.015405
0.016404
0.008329
0.000505
0.008484
0.000517
0.008664
0.000306
0.008541
0.000433
0.007986
0.007769
0.000236
0.008322
0.000375
0.000576
0.000321
0.000307
0.000458
0.000277
0.000351
0.016431
0.000389
0.000497
0.008463
0.007694
0.000506
0.000435
0.000290
0.016354
0.000987
0.007911
0.016323
0.007487
0.001189
0.000981
0.008104
0.000255
0.000715
0.008247
0.000298
0.000383
0.000461
0.000484
0.000291
0.007416
0.007702
0.000529
0.000189
0.000343
0.016104
0.000290
0.007807
0.000561
0.000230
0.008450
0.016935
0.000441
0.008646
0.000590
0.007990
0.009006
0.008217
0.007971
0.008292
0.008216
0.000533
0.000784
0.008051
0.000343
0.000663
0.000736
0.008218
0.000249
0.008318
0.017614
0.016006
0.015560
0.001013
0.000971
0.016455
0.000891
0.000518
0.008060
0.000622
0.000539
0.007947
0.008984
0.000396
0.000367
0.015006
0.000837
0.000561
0.000931
0.007809
0.000295
0.000619
0.000592
0.000356
0.008347
0.016109
0.000384
0.008418
0.000666
0.000455
0.000561
0.000641
0.000388
0.000329
0.000462
0.007823
0.001438
0.000282
0.000213
0.008153
0.000463
0.000513
0.007977
0.015625
0.008447
0.015964
0.000455
0.000288
0.000431
0.000407
0.000832
0.015481
0.008084
0.001234
0.000642
0.000307
0.017732
0.000450
0.000568
0.022973
0.008140
0.000650
0.000457
0.000678
0.000624
0.007632
0.000612
0.007712
0.015998
0.000431
0.015411
0.000486
0.000272
0.023391
0.000574
0.000604
0.008293
0.000423
0.008151
0.000483
0.000494
0.000556
0.000344
0.000338
0.000444
0.008065
0.000435
0.000705
0.000322
0.000302
0.000838
0.000386
0.007641
0.008556
0.000388
0.007901
0.000273
0.007791
0.000274
0.000312
0.000373
0.000225
0.000297
0.000225
0.007879
0.000179
0.023741
0.008293
0.000726
0.000492
0.000256
0.000563
0.007857
0.007435
0.007598
0.000407
0.000403
0.000376
0.000443
0.000435
0.000281
0.008449
0.000494
0.000722
0.008030
0.007603
0.016066
0.000608
0.015717
0.000665
0.007604
0.000672
0.000739
0.000284
0.015607
0.000957
0.008220
0.016219
0.023379
0.000283
0.000560
0.000499
0.007824
0.000535
0.008294
0.000354
0.008198
0.000417
0.015944
0.000715
0.000429
0.008706
0.007945
0.000429
0.031452
0.000602
0.000417
0.000399
0.016053
0.008163
0.000987
0.008842
0.007775
0.000400
0.000641
0.000797
0.007369
0.000536
0.000392
0.000371
0.016326
0.000363
0.000368
0.008220
0.015284
0.000525
0.000356
0.000453
0.023210
0.015949
0.001558
0.008535
0.000822
0.001865
0.017072
0.000418
0.001776
0.023047
0.000877
0.000401
0.010135
0.000880
0.000323
0.008767
0.001270
0.000691
0.015647
0.001156
0.000474
0.007786
0.001017
0.000898
0.000381
0.007696
0.016947
0.017138
0.016143
0.010277
0.001578
0.008693
0.008795
0.000798
0.000791
0.007897
0.000591
0.000495
0.016211
0.000651
0.000448
0.007715
0.008253
0.000675
0.000650
0.007412
0.015209
0.001236
0.008491
0.008344
0.008797
0.001378
0.008971
0.008432
0.000382
0.015970
0.000345
0.008215
0.015885
0.015852
0.001252
0.000998
0.008089
0.000531
0.009909
0.000680
0.000452
0.008305
0.009350
0.000665
0.007973
0.023159
0.008501
0.001035
0.008635
0.000553
0.015918
0.000619
0.015223
0.000668
0.000694
0.015147
0.007667
0.000623
0.016398
0.000394
0.007966
0.015802
0.023152
0.000595
0.015654
0.008257
0.000753
0.015155
0.007345
0.000664
0.000905
0.000460
0.000665
0.016117
0.008352
0.008254
0.023021
0.008046
0.000907
0.008302
0.015551
0.000789
0.001118
0.015941
0.001512
0.000623
0.000798
0.001606
0.009147
0.008537
0.009463
0.001779
0.000758
0.008605
0.024316
0.000592
0.015088
0.001741
0.015047
0.000486
0.000680
0.009711
0.009311
0.008482
0.009343
0.008741
0.000592
0.009177
0.001019
0.009289
0.008291
0.015692
0.009332
0.001773
0.000560
0.024491
0.008599
0.008194
0.001251
0.000722
0.007933
0.000789
0.000755
0.032531
0.001015
0.001594
0.000851
0.000314
0.009742
0.000788
0.000258
0.008461
0.016017
0.001271
0.000630
0.000682
0.009119
0.000430
0.007757
0.000870
0.008937
0.007717
0.000312
0.000507
0.009286
0.008261
0.007813
0.008270
0.000494
0.000264
0.007847
0.000586
0.000364
0.008080
0.008035
0.000994
0.000681
0.008099
0.008270
0.016233
0.015809
0.000803
0.000587
0.000682
0.000542
0.000559
0.000438
0.000696
0.000568
0.000237
0.000265
0.000229
0.008117
0.000384
0.000337
0.000480
0.000357
0.008483
0.000232
0.000308
0.007988
0.007699
0.008033
0.000644
0.000291
0.000424
0.008293
0.000455
0.015143
0.000658
0.007913
0.000583
0.007307
0.000655
0.000516
0.008691
0.000429
0.008844
0.000646
0.008051
0.000308
0.000682
0.008333
0.007616
0.022516
0.001030
0.000930
0.000504
0.008719
0.000451
0.007568
0.000431
0.000783
0.008312
0.000288
0.008863
0.008611
0.000486
0.008913
0.007631
0.015568
0.000506
0.008166
0.000417
0.015912
0.014288
0.000742
0.000741
0.015584
0.000446
0.000802
0.007640
0.007894
0.000504
0.000614
0.000235
0.000477
0.015321
0.000362
0.000711
0.000393
0.014625
0.016356
0.015913
0.008897
0.008293
0.007924
0.008000
0.000479
0.015787
0.000510
0.007715
0.008238
0.008325
0.000442
0.008101
0.000286
0.008331
0.000367
0.000418
0.000269
0.007790
0.007645
0.000742
0.007627
0.007745
0.008723
0.000356
0.000427
0.000441
0.015962
0.000617
0.015674
0.015261
0.000552
0.000294
0.007723
0.016325
0.000431
0.000357
0.007618
0.007545
0.000278
0.000392
0.000307
0.007840
0.024149
0.007998
0.001019
0.007532
0.000710
0.016098
0.000407
0.000575
0.008085
0.000730
0.000381
0.007676
0.009062
0.008518
0.000543
0.000884
0.015601
0.007766
0.007821
0.007706
0.000538
0.000418
0.000304
0.000291
0.000454
0.000277
0.000261
0.000443
0.008676
0.007930
0.007786
0.007564
0.000444
0.000351
0.015896
0.000422
0.000506
0.000493
0.015773
0.000376
0.001144
0.000436
0.007630
0.000326
0.007825
0.015582
0.007940
0.007604
0.015209
0.000595
0.008424
0.015629
0.008314
0.008297
0.000904
0.008130
0.000464
0.000490
0.007843
0.015058
0.007576
0.000694
0.015154
0.000803
0.008980
0.008198
0.001572
0.015006
0.022700
0.001249
0.008388
0.000469
0.008233
0.015200
0.000890
0.008534
0.007615
0.022375
0.023875
0.009237
0.015862
0.001238
0.000492
0.000782
0.001550
0.000669
0.015051
0.008432
0.001232
0.016089
0.000558
0.000516
0.000448
0.008690
0.000495
0.007478
0.000541
0.001013
0.008417
0.007652
0.008610
0.000838
0.008896
0.000444
0.000369
0.000483
0.008281
0.008085
0.000571
0.000895
0.014382
0.000824
0.000480
0.008799
0.000760
0.000453
0.000557
0.000365
0.000463
0.007487
0.007913
0.000588
0.007775
0.007890
0.000459
0.008840
0.008426
0.029819
0.000623
0.015315
0.008102
0.016996
0.008497
0.000552
0.015367
0.001101
0.000896
0.000629
0.008481
0.016127
0.008896
0.008910
0.001803
0.022513
0.008931
0.000802
0.000547
0.014828
0.007474
0.000826
0.007888
0.007852
0.000913
0.000829
0.007640
0.014786
0.001061
0.000764
0.000723
0.000950
0.009494
0.000763
0.000585
0.000865
0.001061
0.000712
0.000577
0.009190
0.008386
0.008413
0.001576
0.009328
0.008283
0.000403
0.025284
0.008621
0.009048
0.023151
0.009472
0.000748
0.000768
0.001016
0.016372
0.007983
0.008349
0.024081
0.008813
0.007889
0.015753
0.001230
0.023545
0.008224
0.001635
0.002016
0.001568
0.001264
0.001312
0.017036
0.009093
0.010039
0.001764
0.000570
0.001503
0.001917
0.008207
0.014757
0.002111
0.009447
0.001231
0.024232
0.008693
0.000591
0.000438
0.000725
0.008597
0.016439
0.000648
0.016699
0.008237
0.000466
0.000625
0.009076
0.008538
0.000680
0.000598
0.008763
0.000841
0.007899
0.007902
0.007937
0.008092
0.000960
0.000749
0.023783
0.000486
0.000552
0.000429
0.016096
0.000573
0.008096
0.007836
0.007835
0.007784
0.000320
0.000313
0.015733
0.000539
0.014415
0.000762
0.000437
0.000343
0.015258
0.008369
0.000413
0.008305
0.008334
0.000569
0.000670
0.000516
0.000392
0.007994
0.015839
0.000734
0.000558
0.008080
0.015495
0.000419
0.000345
0.008692
0.009274
0.008750
0.000569
0.008113
0.000476
0.000581
0.000671
0.000407
0.007760
0.008269
0.016510
0.007718
0.000932
0.015950
0.000538
0.000420
0.000391
0.016472
0.000701
0.000669
0.008181
0.015695
0.008804
0.000400
0.000343
0.000625
0.015550
0.000477
0.008681
0.000452
0.008625
0.015129
0.007923
0.000907
0.009122
0.000413
0.000320
0.016240
0.000366
0.015957
0.008701
0.000569
0.008792
0.000490
0.000562
0.000299
0.000612
0.000470
0.008191
0.007743
0.008247
0.008068
0.008324
0.015595
0.000658
0.022757
0.008221
0.016653
0.000588
0.000549
0.008624
0.016225
0.000486
0.008494
0.000484
0.008431
0.000373
0.000372
0.000296
0.023720
0.007832
0.008133
0.007976
0.000650
0.000405
0.008635
0.000502
0.007724
0.000752
0.000618
0.000290
0.016080
0.008977
0.000449
0.008355
0.008241
0.008293
0.000827
0.008771
0.000197
0.000487
0.000581
0.015251
0.016094
0.000853
0.008199
0.000624
0.007647
0.008057
0.015665
0.008007
0.007791
0.023053
0.000839
0.000860
0.000795
0.000601
0.007733
0.000509
0.000438
0.008048
0.008324
0.007871
0.008243
0.007549
0.008618
0.007094
0.022493
0.016174
0.008178
0.001265
0.009188
0.000346
0.008735
0.000945
0.000529
0.008046
0.007522
0.000712
0.000605
0.031019
0.007877
0.008070
0.001203
0.008461
0.000545
0.000870
0.000815
0.000416
0.000535
0.016499
0.016538
0.000831
0.000250
0.008689
0.017119
0.016202
0.023512
0.023463
0.008822
0.008354
0.001136
0.001285
0.008617
0.000548
0.008064
0.015383
0.000981
0.008271
0.000453
0.000275
0.007547
0.007784
0.007889
0.000470
0.015520
0.020995
0.000988
0.007648
0.001111
0.000712
0.025633
0.008218
0.008519
0.000879
0.000452
0.000353
0.008375
0.000701
0.007933
0.000742
0.015597
0.000808
0.000864
0.000610
0.000801
0.000614
0.008849
0.009065
0.008318
0.000837
0.007722
0.008383
0.000984
0.000754
0.000560
0.039172
0.001529
0.009031
0.000806
0.000703
0.001175
0.001524
0.000687
0.007950
0.015975
0.001780
0.016293
0.008553
0.008103
0.000719
0.007806
0.000480
0.008209
0.008124
0.000385
0.000897
0.009339
0.008994
0.000491
0.008591
0.001168
0.023489
0.022941
0.000994
0.008104
0.000528
0.000341
0.015704
0.014477
0.000657
0.001072
0.023163
0.007891
0.008008
0.000487
0.000567
0.000584
0.008667
0.000453
0.015853
0.000439
0.007892
0.007923
0.008176
0.008857
0.000407
0.007897
0.000382
0.015672
0.015646
0.008196
0.000831
0.000496
0.007856
0.000467
0.000509
0.000369
0.008317
0.000556
0.000352
0.000402
0.007868
0.000345
0.000468
0.008948
0.008586
0.024019
0.008540
0.016448
0.000701
0.000672
0.001148
0.001224
0.000619
0.015513
0.000595
0.000965
0.016052
0.000473
0.008743
0.023265
0.015331
0.007852
0.015676
0.001135
0.000718
0.009028
0.000708
0.000382
0.016196
0.001317
0.018912
0.016505
0.024631
0.001179
0.001006
0.014786
0.001333
0.025067
0.000851
0.000762
0.015826
0.008933
0.017922
0.000658
0.000792
0.001321
0.008832
0.000886
0.000499
0.000738
0.000709
0.015750
0.000520
0.000457
0.008527
0.016724
0.000427
0.015393
0.000803
0.007965
0.023713
0.000556
0.007968
0.015818
0.000724
0.000290
0.007836
0.023078
0.000600
0.000675
0.008861
0.008284
0.022925
0.000681
0.000599
0.008659
0.009123
0.007397
0.009051
0.000876
0.000524
0.000548
0.000651
0.008995
0.000403
0.008868
0.008449
0.015360
0.000674
0.000447
0.000363
0.000483
0.008307
0.000391
0.007550
0.007831
0.023438
0.000364
0.014876
0.000708
0.008641
0.000811
0.000788
0.000667
0.000263
0.009093
0.015392
0.008555
0.000629
0.000477
0.023928
0.000623
0.015152
0.002042
0.001312
0.016147
0.000841
0.008877
0.001119
0.016817
0.000621
0.001050
0.001359
0.001015
0.000348
0.008022
0.000751
0.001074
0.008215
0.000940
0.007799
0.009029
0.001003
0.007956
0.000378
0.000488
0.000544
0.008459
0.000458
0.000282
0.000327
0.000205
0.023198
0.008322
0.021995
0.001455
0.001472
0.009182
0.009625
0.017710
0.000574
0.015849
0.008583
0.001537
0.000819
0.008996
0.008919
0.000405
0.008528
0.000453
0.015240
0.007525
0.009509
0.008261
0.001067
0.009099
0.000371
0.008030
0.008197
0.000795
0.023268
0.008804
0.000878
0.008227
0.008272
0.000385
0.030246
0.008855
0.008498
0.022367
0.000514
0.014974
0.000692
0.000494
0.015351
0.000878
0.017239
0.008166
0.015446
0.015077
0.000938
0.000783
0.008198
0.000499
0.000489
0.008281
0.000434
0.007839
0.016874
0.007525
0.009221
0.000509
0.000455
0.000524
0.007588
0.000470
0.007622
0.016281
0.008719
0.008494
0.009204
0.008316
0.000337
0.007833
0.008791
0.000303
0.007678
0.008728
0.000628
0.007371
0.000340
0.000625
0.025159
0.000696
0.007694
0.008284
0.007917
0.000410
0.008144
0.015777
0.008010
0.000651
0.000717
0.000297
0.000455
0.000533
0.008537
0.000493
0.000536
0.000464
0.000347
0.024937
0.015478
0.000640
0.007815
0.000485
0.008267
0.000561
0.000318
0.000244
0.015888
0.000520
0.008420
0.008159
0.000303
0.007958
0.008592
0.007897
0.008062
0.016529
0.000667
0.015122
0.007853
0.008360
0.000572
0.007797
0.023653
0.015112
0.009008
0.008698
0.007830
0.000537
0.007825
0.000544
0.008349
0.023446
0.000927
0.000686
0.000413
0.016526
0.000447
0.008394
0.000386
0.008002
0.000562
0.008491
0.007922
0.000536
0.000540
0.007826
0.000574
0.000342
0.008001
0.008671
0.008056
0.016254
0.008054
0.000802
0.008505
0.008729
0.029672
0.016744
0.008427
0.016330
0.000959
0.000377
0.001136
0.008796
0.000506
0.000618
0.008148
0.000557
0.016151
0.009128
0.008376
0.007986
0.015402
0.015827
0.000925
0.000799
0.007598
0.000626
0.000578
0.000333
0.007962
0.000860
0.001137
0.008026
0.008412
0.000662
0.016027
0.001204
0.008252
0.007712
0.007138
0.000831
0.015909
0.000521
0.000529
0.008642
0.000617
0.008010
0.016125
0.000663
0.007690
0.007949
0.015643
0.000719
0.000306
0.007630
0.000397
0.000458
0.000324
0.007701
0.000555
0.007737
0.015141
0.015705
0.014641
0.008230
0.000577
0.015473
0.007578
0.007517
0.008308
0.008719
0.007225
0.000781
0.007716
0.006992
0.000532
0.007767
0.008960
0.007812
0.002043
0.009071
0.009408
0.008154
0.001096
0.000631
0.000530
0.000451
0.000726
0.008596
0.000974
0.000380
0.015423
0.008917
0.008293
0.007356
0.008119
0.008064
0.017160
0.014560
0.014635
0.000772
0.016484
0.015423
0.008693
0.015226
0.001070
0.000875
0.031850
0.008466
0.008760
0.000912
0.008469
0.000621
0.023695
0.008245
0.007568
0.015878
0.021442
0.000896
0.008451
0.022925
0.007065
0.015114
0.007397
0.000458
0.007383
0.001063
0.000997
0.014383
0.008526
0.008162
0.001080
0.031751
0.008651
0.007884
0.008528
0.001136
0.016406
0.009345
0.000914
0.015923
0.008367
0.017036
0.009297
0.016689
0.007806
0.000481
0.007334
0.007278
0.021937
0.008870
0.021264
0.008568
0.017974
0.000872
0.008759
0.000653
0.009052
0.008153
0.014736
0.017002
0.008156
0.008931
0.001128
0.001256
0.008618
0.001075
0.008718
0.008030
0.008113
0.008060
0.000525
0.016601
0.000644
0.016581
0.008495
0.000897
0.008020
0.000728
0.000616
0.000500
0.023476
0.007442
0.008051
0.007882
0.007828
0.023540
0.000314
0.008550
0.000496
0.008667
0.008469
0.000735
0.009345
0.008252
0.000316
0.000512
0.000565
0.008415
0.008503
0.023732
0.008828
0.001423
0.008011
0.000885
0.008538
0.000651
0.016318
0.014769
0.001569
0.001992
0.008904
0.008517
0.009253
0.007608
0.007955
0.001506
0.008534
0.008716
0.008707
0.000865
0.015866
0.000728
0.000976
0.014654
0.015979
0.000428
0.015649
0.016015
0.000953
0.008344
0.000494
0.000745
0.023749
0.008754
0.000535
0.017292
0.000990
0.008461
0.000648
0.000736
0.009360
0.000747
0.000607
0.015219
0.008243
0.007628
0.000699
0.015693
0.000718
0.015982
0.008906
0.000576
0.000642
0.000480
0.017208
0.008511
0.000543
0.008517
0.000906
0.016028
0.000507
0.000533
0.008137
0.008221
0.008474
0.000782
0.022180
0.008772
0.000827
0.008194
0.023772
0.000364
0.000930
0.000588
0.000556
0.007533
0.022777
0.014366
0.000722
0.008591
0.015488
0.008033
0.023083
0.007336
0.000694
0.008157
0.000520
0.000618
0.000567
0.000557
0.000442
0.000595
0.008811
0.000451
0.022199
0.008343
0.000500
0.000559
0.007394
0.007530
0.014619
0.000649
0.000785
0.000744
0.008871
0.000336
0.008293
0.000641
0.000748
0.007617
0.000447
0.000405
0.000543
0.015866
0.007379
0.015803
0.021614
0.024199
0.000399
0.000456
0.016847
0.008432
0.007662
0.007915
0.008316
0.007291
0.021801
0.014632
0.008675
0.001591
0.014444
0.000987
0.016797
0.001152
0.000811
0.013993
0.014009
0.001081
0.000906
0.000502
0.000436
0.000462
0.021524
0.024126
0.024025
0.001674
0.008607
0.008281
0.001429
0.001350
0.000834
0.008914
0.010239
0.001168
0.015668
0.009177
0.008048
0.008081
0.000817
0.000544
0.008914
0.000711
0.008708
0.008409
0.000504
0.015892
0.022765
0.008773
0.021859
0.007719
0.024121
0.015520
0.000598
0.008434
0.007976
0.010082
0.022801
0.001201
0.008017
0.007393
0.030455
0.008404
0.000800
0.000602
0.001046
0.001081
0.001066
0.000328
0.000882
0.016562
0.015111
0.007802
0.000907
0.008504
0.023664
0.000906
0.015863
0.001657
0.015521
0.016542
0.000723
0.022179
0.000644
0.008064
0.008099
0.000494
0.009182
0.007396
0.007613
0.008336
0.001324
0.000512
0.024898
0.000513
0.007206
0.000531
0.000723
0.007634
0.023169
0.007104
0.015611
0.009132
0.007998
0.015592
0.000404
0.000818
0.000687
0.015838
0.007317
0.008798
0.001333
0.021513
0.008438
0.000645
0.014660
0.007314
0.000646
0.030777
0.007932
0.015680
0.008574
0.009044
0.000389
0.001167
0.001145
0.017069
0.000330
0.009544
0.001634
0.001438
0.008378
0.000623
0.000878
0.025044
0.008360
0.000886
0.008295
0.000966
0.008733
0.009298
0.000506
0.000472
0.008447
0.007410
0.009679
0.007493
0.000477
0.000375
0.000344
0.000370
0.015606
0.000537
0.015902
0.000533
0.000387
0.000431
0.008356
0.000560
0.000541
0.000481
0.015502
0.016412
0.008352
0.001259
0.008290
0.008570
0.007767
0.000301
0.008212
0.008264
0.014977
0.008122
0.007961
0.000401
0.000412
0.000585
0.008138
0.000507
0.000661
0.000428
0.000523
0.000278
0.000449
0.008104
0.014835
0.000763
0.015347
0.000587
0.000349
0.015909
0.007420
0.008583
0.015719
0.001322
0.009310
0.016166
0.000603
0.000853
0.007839
0.007711
0.008061
0.001579
0.008109
0.007508
0.015050
0.015679
0.006972
0.001568
0.000735
0.015533
0.016803
0.000683
0.015509
0.007588
0.000813
0.015416
0.000530
0.016137
0.001254
0.000982
0.022217
0.022923
0.000750
0.008244
0.000472
0.022312
0.000802
0.000825
0.008057
0.015859
0.007485
0.008838
0.008014
0.007696
0.000703
0.000517
0.000631
0.000602
0.015344
0.000266
0.008693
0.000318
0.007212
0.007633
0.014124
0.000605
0.008161
0.015507
0.023256
0.009323
0.008590
0.002314
0.023206
0.000340
0.008189
0.000864
0.000869
0.015746
0.007621
0.008212
0.000988
0.000831
0.000603
0.030040
0.007872
0.016399
0.014205
0.007493
0.030381
0.015481
0.007491
0.000946
0.000975
0.007769
0.000790
0.016114
0.007405
0.009595
0.007782
0.000723
0.000457
0.008329
0.016276
0.000628
0.000771
0.007996
0.008332
0.016068
0.007913
0.008135
0.008540
0.000734
0.015858
0.000541
0.015568
0.000736
0.008721
0.000645
0.000483
0.000538
0.000376
0.007470
0.008143
0.007494
0.008165
0.007870
0.000723
0.015343
0.015313
0.007528
0.007742
0.007882
0.008170
0.000477
0.007078
0.000606
0.015943
0.015744
0.008657
0.001778
0.013675
0.000937
0.000953
0.015614
0.000580
0.007486
0.009040
0.008243
0.001123
0.000882
0.007923
0.007270
0.014875
0.015754
0.001199
0.001232
0.014363
0.009136
0.014417
0.008518
0.001275
0.014682
0.014745
0.016343
0.016096
0.009029
0.009004
0.001286
0.000741
0.001079
0.001167
0.000658
0.023700
0.015566
0.009416
0.001390
0.024090
0.024834
0.000965
0.015136
0.001674
0.001213
0.023227
0.000713
0.015966
0.024684
0.015196
0.002179
0.000900
0.008244
0.001727
0.000953
0.000632
0.001154
0.000937
0.008977
0.008769
0.016635
0.008460
0.008502
0.015862
0.015104
0.024564
0.021608
0.008734
0.015857
0.001437
0.000821
0.001415
0.000896
0.008440
0.008349
0.008597
0.024157
0.001098
0.007917
0.000884
0.025308
0.000668
0.000585
0.014860
0.001038
0.009632
0.015864
0.000418
0.009140
0.008606
0.007719
0.000510
0.000613
0.000491
0.014275
0.015680
0.008803
0.015642
0.001353
0.007940
0.007507
0.000898
0.017684
0.008951
0.001174
0.001259
0.015475
0.008007
0.015332
0.000549
0.007559
0.008977
0.015740
0.014576
0.008316
0.008430
0.007985
0.000653
0.000576
0.008268
0.000374
0.015339
0.022509
0.008205
0.008661
0.001153
0.016156
0.007882
0.000704
0.000894
0.001027
0.001096
0.030646
0.000948
0.001364
0.000886
0.017676
0.000588
0.000745
0.008182
0.000495
0.000436
0.008320
0.000645
0.008527
0.000622
0.015600
0.022932
0.000689
0.000426
0.015976
0.008155
0.007651
0.008299
0.000623
0.000414
0.015468
0.000247
0.016009
0.000945
0.007883
0.008506
0.008084
0.008922
0.015376
0.000583
0.007930
0.000905
0.029705
0.007536
0.000419
0.007275
0.008222
0.007765
0.000773
0.008415
0.000358
0.008328
0.007443
0.000484
0.000421
0.007440
0.007323
0.023095
0.007778
0.008102
0.036258
0.008587
0.008305
0.007704
0.008686
0.001067
0.015675
0.029676
0.009254
0.000902
0.001263
0.001076
0.008369
0.023387
0.015671
0.008627
0.001539
0.000712
0.008785
0.008767
0.000560
0.014519
0.001089
0.001010
0.000592
0.037702
0.015266
0.000340
0.000599
0.007034
0.008686
0.021686
0.022698
0.000991
0.008483
0.008841
0.007393
0.016962
0.015933
0.015737
0.000713
0.007936
0.014933
0.016212
0.015084
0.007986
0.001122
0.009745
0.000506
0.008787
0.000900
0.008024
0.008057
0.007283
0.015507
0.008099
0.016035
0.001284
0.008399
0.015192
0.000836
0.007797
0.001025
0.000760
0.000832
0.000547
0.014465
0.000877
0.001009
0.000871
0.008263
0.000384
0.008600
0.007950
0.000532
0.000424
0.000442
0.022094
0.014510
0.014802
0.017457
0.015808
0.017437
0.007524
0.008020
0.008296
0.007443
0.015717
0.008215
0.008851
0.008138
0.001320
0.001421
0.016277
0.016158
0.008108
0.007681
0.000690
0.008157
0.000771
0.008159
0.000613
0.007781
0.015778
0.015657
0.008640
0.007978
0.001019
0.000843
0.016886
0.000521
0.022367
0.014871
0.008792
0.014766
0.000649
0.008449
0.001238
0.000533
0.000734
0.008743
0.000515
0.007996
0.000750
0.014749
0.008010
0.015874
0.000945
0.000904
0.001018
0.000809
0.015921
0.007349
0.008400
0.000883
0.008623
0.000763
0.015495
0.014936
0.000439
0.001111
0.015065
0.000932
0.015450
0.007976
0.009031
0.000951
0.014448
0.007893
0.000478
0.000472
0.007946
0.000394
0.000349
0.000790
0.008676
0.024220
0.008155
0.001272
0.000739
0.008515
0.000445
0.000628
0.000889
0.000548
0.008448
0.000525
0.015603
0.008333
0.008212
0.001479
0.000481
0.031181
0.023858
0.000682
0.014589
0.015299
0.007660
0.001597
0.013734
0.007126
0.000241
0.008322
0.000405
0.009138
0.000392
0.015881
0.008432
0.000737
0.014674
0.000444
0.007863
0.007898
0.000556
0.007986
0.000684
0.007076
0.000550
0.000448
0.007638
0.000426
0.008141
0.020525
0.000375
0.008545
0.007550
0.000621
0.015542
0.008732
0.000594
0.007539
0.022038
0.007506
0.007984
0.008045
0.007987
0.000803
0.015493
0.007917
0.015579
0.008500
0.007969
0.008067
0.007448
0.021729
0.000891
0.000718
0.000640
0.000711
0.008176
0.000342
0.000489
0.008525
0.000427
0.007785
0.000643
0.008599
0.008409
0.016721
0.008465
0.000847
0.000382
0.000611
0.016109
0.000411
0.022055
0.008425
0.013844
0.010282
0.007475
0.009229
0.023290
0.008529
0.001264
0.008088
0.007418
0.008169
0.008056
0.000696
0.008013
0.007880
0.000646
0.000419
0.000546
0.000675
0.000537
0.007650
0.000797
0.014498
0.000420
0.000600
0.007816
0.000490
0.022369
0.008253
0.021441
0.008875
0.001313
0.000990
0.015849
0.008735
0.000671
0.000892
0.008798
0.000886
0.024800
0.008089
0.001069
0.000870
0.000472
0.015280
0.000647
0.000802
0.000607
0.022487
0.007219
0.000859
0.021469
0.008463
0.016554
0.023018
0.014640
0.007468
0.000445
0.016302
0.014543
0.000902
0.007424
0.015926
0.015464
0.007251
0.000942
0.007807
0.007884
0.000603
0.016116
0.016457
0.007535
0.000945
0.007960
0.008392
0.015480
0.007554
0.008868
0.008456
0.007297
0.015668
0.015543
0.007666
0.000722
0.022642
0.006872
0.000962
0.008748
0.008084
0.016172
0.007994
0.007594
0.007587
0.015228
0.000874
0.000814
0.008037
0.007388
0.007424
0.008963
0.007877
0.020367
0.001012
0.007912
0.022126
0.008409
0.000988
0.000710
0.008518
0.000852
0.007620
0.000739
0.023281
0.022560
0.028851
0.008608
0.014863
0.014299
0.038628
0.015405
0.008599
0.009913
0.002249
0.015453
0.007550
0.002832
0.010133
0.009103
0.016032
0.016259
0.015142
0.023958
0.001298
0.015643
0.007780
0.008485
0.007628
0.008731
0.007600
0.014283
0.015227
0.010164
0.009775
0.000750
0.021424
0.007046
0.007546
0.014407
0.008414
0.008446
0.001426
0.001257
0.015569
0.000781
0.017076
0.000895
0.014614
0.001045
0.001001
0.007717
0.016863
0.000547
0.000622
0.007782
0.000651
0.000714
0.015590
0.007936
0.008003
0.000927
0.015523
0.000646
0.000437
0.000679
0.023499
0.015567
0.016084
0.009687
0.009288
0.000826
0.008697
0.010239
0.000647
0.000441
0.001148
0.009002
0.007303
0.015028
0.021633
0.007673
0.031249
0.002321
0.001308
0.007534
0.009673
0.001324
0.000689
0.000574
0.007891
0.000716
0.000862
0.007730
0.000549
0.000403
0.000622
0.008606
0.016576
0.014865
0.008591
0.015629
0.008305
0.010663
0.001282
0.015569
0.000880
0.008661
0.008450
0.032279
0.008168
0.010345
0.010087
0.009712
0.016597
0.016890
0.002154
0.002019
0.008381
0.008845
0.007676
0.008133
0.010802
0.010580
0.001894
0.000899
0.009142
0.001980
0.000791
0.008087
0.016884
0.017135
0.017285
0.008505
0.008324
0.024685
0.000543
0.008270
0.000933
0.008069
0.000528
0.000700
0.000494
0.016340
0.008607
0.007748
0.000546
0.000630
0.000651
0.007764
0.007765
0.007687
0.007343
0.007863
0.008056
0.000387
0.000385
0.007935
0.000787
0.007818
0.000545
0.008002
0.000451
0.016483
0.007613
0.008143
0.015229
0.008047
0.009017
0.008015
0.000967
0.014371
0.007202
0.016156
0.007663
0.000589
0.014598
0.015268
0.022194
0.001164
0.001539
0.001140
0.016837
0.039634
0.007449
0.020280
0.021996
0.014505
0.009552
0.001112
0.007722
0.025320
0.009875
0.002277
0.009418
0.014467
0.016929
0.017373
0.016032
0.001618
0.008787
0.000937
0.015778
0.008546
0.022881
0.023702
0.024648
0.004369
0.009252
0.016383
0.002181
0.003183
0.010302
0.008940
0.008624
0.010535
0.009620
0.001992
0.016822
0.007624
0.000863
0.009516
0.022431
0.022231
0.009308
0.029983
0.009758
0.002243
0.014231
0.014893
0.008720
0.017280
0.008821
0.017460
0.000968
0.036847
0.014982
0.002854
0.001225
0.000863
0.022354
0.007975
0.001809
0.008563
0.001130
0.008338
0.024290
0.001258
0.007871
0.015403
0.001487
0.008119
0.000850
0.009080
0.008756
0.015021
0.007849
0.014836
0.001003
0.001068
0.000943
0.000916
0.000935
0.001114
0.008455
0.001244
0.000650
0.000324
0.016969
0.008070
0.009178
0.022881
0.015409
0.009149
0.021832
0.008800
0.000946
0.000784
0.008036
0.000474
0.000782
0.008122
0.008204
0.022784
0.000715
0.015716
0.000715
0.007977
0.007396
0.022731
0.000398
0.000625
0.000617
0.007825
0.007912
0.008504
0.007338
0.007664
0.030433
0.014632
0.014790
0.001251
0.000967
0.015777
0.001002
0.008159
0.007747
0.000775
0.007699
0.009327
0.007961
0.000397
0.000799
0.009000
0.000892
0.008173
0.007835
0.000839
0.023223
0.008192
0.007459
0.000555
0.014377
0.014969
0.028573
0.014262
