0.000000
0.000000
0.000000
0.000000
0.000000
0.000000
0.000000
0.000000
0.000000
0.000000
0.000000
0.000000
0.000000
0.000000
0.000000
0.000000
0.000000
0.000000
0.000000
0.000000
0.000000
0.000000
0.000000
0.000000
0.000000
0.000000
0.000000
0.000000
0.000000
0.000000
0.000000
0.000000
0.000000
0.000000
0.000000
0.000000
0.000000
0.000000
0.000000
0.000000
0.000000
0.000000
0.000000
0.000000
0.000000
0.000000
0.000000
0.000000
0.000000
0.000000
0.000000
0.000000
0.000000
0.000000
0.000000
0.000000
0.000000
0.000000
0.000000
0.000000
0.000000
0.000000
0.000000
0.000000
0.000000
0.000000
0.000000
0.000000
0.000000
0.000000
0.000000
0.000000
0.000000
0.000000
0.000000
0.000000
0.000000
0.000000
0.000000
0.000000
0.000000
0.000000
0.000000
0.000000
0.000000
0.000000
0.000000
0.000000
0.000000
0.000000
0.000000
0.000000
0.000000
0.000000
0.000000
0.000000
0.000000
0.000000
0.000000
0.000000
0.000000
0.000000
0.000000
0.000000
0.000000
0.000000
0.000000
0.000000
0.000000
0.000000
0.000000
0.000000
0.000000
0.000000
0.000000
0.000000
0.000000
0.000000
0.000000
0.000000
0.000000
0.000000
0.000000
0.000000
0.000000
0.000000
0.000000
0.290792
0.251843
0.195387
0.175443
0.154295
0.100257
0.085661
0.099510
0.124077
0.135921
0.091517
0.095362
0.078077
0.068687
0.063145
0.071076
0.082971
0.061025
0.064825
0.057610
0.047687
0.042944
0.046792
0.045463
0.050273
0.049065
0.045066
0.033248
0.034975
0.035695
0.030276
0.021447
0.024758
0.019666
0.028015
0.016539
0.020725
0.015209
0.015019
0.017799
0.013355
0.011645
0.013945
0.013794
0.011417
0.011878
0.009670
0.008211
0.008257
0.008284
0.008718
0.005998
0.007602
0.006723
0.006621
0.007048
0.006689
0.006253
0.007289
0.006884
0.005209
0.005177
0.006130
0.004371
0.005238
0.006102
0.006056
0.005346
0.005749
0.005581
0.004566
0.005536
0.004596
0.005549
0.006527
0.007070
0.005509
0.005006
0.009262
0.013274
0.009671
0.011288
0.018833
0.011273
0.015512
0.019088
0.017315
0.024439
0.017722
0.017525
0.022307
0.015978
0.015662
0.014931
0.018936
0.015088
0.012181
0.013299
0.013106
0.015982
0.018229
0.016698
0.015620
0.019623
0.016294
0.014827
0.014161
0.015269
0.012246
0.015303
0.009795
0.015622
0.011617
0.014602
0.013652
0.011970
0.014798
0.013479
0.008393
0.010379
0.008833
0.015375
0.010869
0.011917
0.012530
0.013390
0.009854
0.008313
0.007856
0.007085
0.007903
0.010855
0.007797
0.006177
0.008914
0.007410
0.005982
0.005861
0.004056
0.005205
0.008027
0.006165
0.003536
0.004276
0.004708
0.004181
0.005262
0.006491
0.006540
0.004795
0.004577
0.004087
0.004405
0.006537
0.003889
0.003595
0.004980
0.006272
0.005656
0.004920
0.003033
0.003147
0.004659
0.005944
0.003466
0.003667
0.003463
0.003297
0.003150
0.003957
0.004487
0.005010
0.003578
0.004340
0.003936
0.005073
0.002054
0.003984
0.004719
0.002755
0.003313
0.004092
0.003585
0.003718
0.002828
0.003909
0.003012
0.003359
0.003402
0.003014
0.003531
0.003714
0.002645
0.002452
0.003322
0.002902
0.002496
0.003291
0.003737
0.004769
0.002714
0.003879
0.002351
0.003862
0.001946
0.002330
0.003540
0.003168
0.003751
0.002249
0.002530
0.003119
0.003418
0.003147
0.003189
0.003002
0.003077
0.003586
0.003472
0.003740
0.003136
0.002599
0.002173
0.002503
0.002483
0.002445
0.002649
0.002302
0.001591
0.003491
0.002216
0.002422
0.002736
0.002649
0.002477
0.001685
0.001632
0.002076
0.001708
0.001902
0.001465
0.002426
0.001884
0.002945
0.001944
0.001942
0.003158
0.001837
0.001913
0.002351
0.001738
0.002001
0.002360
0.002656
0.002362
0.002047
0.001844
0.001882
0.002120
0.001700
0.001873
0.002263
0.001891
0.002593
0.002795
0.002572
0.001124
0.001520
0.003391
0.001941
0.002239
0.002872
0.002250
0.001395
0.003844
0.002321
0.003262
0.001521
0.004508
0.001026
0.002741
0.002402
0.002066
0.002957
0.002486
0.002437
0.002321
0.002437
0.001793
0.001947
0.002216
0.001805
0.003308
0.002790
0.002344
0.003047
0.002609
0.002523
0.002363
0.002732
0.003100
0.002139
0.003031
0.002440
0.002579
0.002025
0.002866
0.001992
0.003109
0.002449
0.002272
0.002514
0.002018
0.001883
0.001789
0.002452
0.002897
0.002301
0.002812
0.002913
0.002793
0.002320
0.002058
0.002528
0.002219
0.002259
0.002180
0.002946
0.002402
0.001910
0.002574
0.001736
0.001938
0.002724
0.002508
0.001726
0.002136
0.001670
0.001741
0.001005
0.002105
0.001789
0.002358
0.001897
0.002139
0.002152
0.002755
0.002282
0.001996
0.001427
0.001825
0.001262
0.001354
0.001914
0.002236
0.001479
0.001679
0.001992
0.002497
0.002466
0.002103
0.003103
0.001723
0.002087
0.002415
0.001151
0.001932
0.001769
0.001666
0.001000
0.001238
0.001375
0.001669
0.001500
0.001844
0.001902
0.001636
0.001272
0.001725
0.001914
0.001496
0.000996
0.001645
0.001259
0.002686
0.001562
0.002244
0.002368
0.001134
0.002294
0.001604
0.001677
0.001828
0.001105
0.002455
0.002056
0.002587
0.002553
0.001644
0.002990
0.002710
0.001488
0.005225
0.001278
0.002650
0.001685
0.001342
0.002690
0.001479
0.001394
0.001977
0.001071
0.001428
0.002557
0.001155
0.000997
0.001373
0.001585
0.001598
0.001058
0.001235
0.001533
0.001937
0.001805
0.001041
0.001202
0.001341
0.001690
0.001343
0.000890
0.001238
0.000851
0.001199
0.001171
0.001226
0.001928
0.001475
0.000987
0.000936
0.001581
0.001939
0.001004
0.001689
0.001050
0.002046
0.002059
0.001069
0.002729
0.001377
0.002319
0.002723
0.001042
0.003018
0.001819
0.001395
0.004366
0.001763
0.003083
0.002112
0.001408
0.003359
0.001804
0.002290
0.003340
0.001181
0.003421
0.002771
0.001696
0.003566
0.001176
0.003246
0.003000
0.001504
0.004210
0.002242
0.002005
0.004247
0.001618
0.002525
0.004312
0.001362
0.003628
0.004389
0.000556
0.003802
0.003770
0.000976
0.005472
0.003817
0.001420
0.006225
0.003211
0.002318
0.007977
0.002018
0.003325
0.005224
0.003209
0.002195
0.007520
0.002376
0.003507
0.005268
0.002179
0.004040
0.005412
0.001651
0.004037
0.003654
0.002118
0.003140
0.004151
0.001392
0.002030
0.003191
0.001967
0.001497
0.002462
0.001612
0.001929
0.001962
0.001562
0.001037
0.001698
0.001282
0.000839
0.001324
0.001141
0.000937
0.000935
0.001096
0.000893
0.000703
0.000871
0.000823
0.001051
0.001492
0.000965
0.000837
0.001393
0.000830
0.000814
0.001010
0.000823
0.001194
0.001008
0.000694
0.000891
0.001242
0.001337
0.000881
0.001314
0.000852
0.001129
0.001088
0.000602
0.001697
0.001256
0.001558
0.001397
0.001319
0.000765
0.001203
0.001372
0.000622
0.001683
0.001127
0.001243
0.001192
0.000803
0.001190
0.000934
0.000596
0.000792
0.001130
0.000797
0.000786
0.000847
0.001141
0.000845
0.001123
0.000692
0.001109
0.000974
0.000862
0.000933
0.001172
0.000857
0.000560
0.000516
0.000849
0.001047
0.000872
0.000682
0.000745
0.000521
0.000666
0.000765
0.000506
0.000591
0.000827
0.000619
0.000516
0.000816
0.000542
0.000852
0.000443
0.000425
0.000865
0.000638
0.000424
0.000656
0.000498
0.000584
0.000915
0.000407
0.000805
0.000983
0.000756
0.000419
0.000940
0.000555
0.000510
0.001238
0.000475
0.000825
0.000546
0.000302
0.000773
0.000397
0.000463
0.000505
0.000488
0.000645
0.000546
0.000413
0.000447
0.000415
0.000397
0.000391
0.000335
0.000575
0.000270
0.000338
0.000566
0.000569
0.001006
0.000922
0.000531
0.000750
0.000599
0.000523
0.000406
0.000615
0.000586
0.000578
0.000543
0.000476
0.000711
0.000569
0.000669
0.000548
0.000546
0.000476
0.000315
0.000437
0.000346
0.000488
0.000514
0.000294
0.000283
0.000512
0.000263
0.000407
0.000553
0.000601
0.000553
0.000692
0.000684
0.000587
0.000390
0.000375
0.000641
0.000518
0.000576
0.000452
0.000471
0.000644
0.000724
0.000460
0.000513
0.000710
0.000752
0.000742
0.000450
0.000650
0.000462
0.000595
0.000652
0.000820
0.000538
0.000690
0.000538
0.000835
0.000449
0.000402
0.000773
0.000676
0.000428
0.000782
0.000548
0.000551
0.000498
0.000411
0.000525
0.000572
0.000470
0.000487
0.000475
0.000539
0.000421
0.000677
0.000678
0.000562
0.000625
0.000645
0.000687
0.000600
0.000447
0.000681
0.000546
0.000949
0.000516
0.000422
0.000827
0.000621
0.000553
0.000533
0.000569
0.000559
0.000596
0.000579
0.000595
0.000658
0.000711
0.000480
0.000709
0.000630
0.000616
0.000607
0.000471
0.000811
0.000542
0.000681
0.000692
0.000569
0.000633
0.000579
0.000746
0.000646
0.000368
0.000768
0.000451
0.000596
0.000550
0.000613
0.000544
0.000730
0.000549
0.000412
0.000585
0.000490
0.000491
0.000725
0.000730
0.000494
0.000710
0.000389
0.000517
0.000571
0.000659
0.000463
0.000368
0.000486
0.000398
0.000642
0.000569
0.000456
0.000657
0.000445
0.000560
0.000587
0.000508
0.000596
0.000581
0.000665
0.000724
0.000348
0.000558
0.000545
0.000507
0.000637
0.000376
0.000662
0.000699
0.000687
0.000756
0.000758
0.000790
0.000654
0.000652
0.000488
0.000518
0.000482
0.000691
0.000701
0.000422
0.000445
0.000680
0.000442
0.000489
0.000772
0.000551
0.000558
0.000519
0.000621
0.000533
0.000648
0.000517
0.000526
0.000573
0.000584
0.000562
0.000569
0.000509
0.000583
0.000409
0.000778
0.000559
0.000784
0.000540
0.000816
0.000500
0.000569
0.000751
0.000521
0.000668
0.000611
0.000761
0.000631
0.000808
0.000670
0.000693
0.000670
0.000689
0.000714
0.000773
0.000766
0.000517
0.000801
0.000588
0.001148
0.000536
0.000935
0.000449
0.000711
0.000614
0.000635
0.000546
0.000586
0.000679
0.000680
0.000453
0.000557
0.000698
0.000585
0.000467
0.000780
0.000496
0.000561
0.001589
0.000794
0.000507
0.000446
0.000555
0.000551
0.000468
0.000507
0.000647
0.000714
0.000488
0.000569
0.000448
0.000486
0.001176
0.001091
0.000530
0.001177
0.001268
0.000627
0.000762
0.000762
0.000493
0.000702
0.001083
0.000852
0.001274
0.000556
0.000590
0.000495
0.000551
0.000371
0.000832
0.000588
0.000452
0.000506
0.000395
0.000372
0.000646
0.000548
0.000533
0.000663
0.000967
0.000613
0.000683
0.000725
0.000414
0.000461
0.000599
0.000488
0.000422
0.000662
0.000413
0.000539
0.000531
0.000438
0.000468
0.000491
0.000535
0.000593
0.000506
0.000408
0.000506
0.000470
0.000467
0.000618
0.000438
0.000628
0.000642
0.000613
0.000600
0.000557
0.000722
0.000373
0.000604
0.000465
0.000401
0.000534
0.000432
0.000530
0.000288
0.000352
0.000436
0.000443
0.000532
0.000363
0.000392
0.000382
0.000356
0.000444
0.000586
0.000439
0.000469
0.000440
0.000511
0.000471
0.000689
0.000430
0.000328
0.000367
0.000400
0.000426
0.000457
0.000496
0.000442
0.000693
0.000615
0.000405
0.000668
0.000604
0.000707
0.000456
0.000535
0.000441
0.000481
0.000514
0.000660
0.000440
0.000643
0.000397
0.000385
0.000388
0.000705
0.000632
0.000407
0.000446
0.000573
0.000546
0.000343
0.000334
0.000454
0.000586
0.000550
0.000363
0.000406
0.000637
0.000475
0.000375
0.000371
0.000475
0.000433
0.000304
0.000452
0.000447
0.000609
0.000542
0.000526
0.000394
0.000739
0.000312
0.000935
0.000429
0.000571
0.000467
0.000320
0.000582
0.000574
0.000788
0.000433
0.000667
0.000366
0.000420
0.000595
0.000477
0.000518
0.000725
0.000597
0.000584
0.000405
0.000580
0.000394
0.000577
0.000549
0.000454
0.000623
0.000392
0.000532
0.000319
0.000670
0.000609
0.000598
0.000452
0.000563
0.000578
0.000531
0.000498
0.000544
0.000573
0.000465
0.000452
0.000596
0.000374
0.000517
0.000387
0.000416
0.000406
0.000566
0.000314
0.000682
0.000522
0.000494
0.000438
0.000533
0.000435
0.000374
0.000467
0.000549
0.000353
0.000524
0.000418
0.000594
0.000502
0.000583
0.000400
0.000404
0.000497
0.000505
0.000473
0.000604
0.000385
0.000355
0.000517
0.000417
0.000505
0.000475
0.000349
0.000360
0.000311
0.000429
0.000530
0.000590
0.000381
0.000432
0.000527
0.000382
0.000283
0.000543
0.000375
0.000718
0.000686
0.000538
0.000435
0.000439
0.000476
0.000396
0.000496
0.000410
0.000356
0.000440
0.000425
0.000574
0.000605
0.000452
0.000520
0.000447
0.000418
0.000704
0.000380
0.000920
0.000441
0.001020
0.000597
0.000902
0.000629
0.000398
0.000588
0.000631
0.000684
0.000684
0.000593
0.000556
0.000381
0.000576
0.000443
0.000711
0.000503
0.000478
0.000632
0.000495
0.000737
0.000358
0.000874
0.000463
0.000780
0.000430
0.000534
0.000758
0.000376
0.000969
0.000351
0.000631
0.000545
0.000413
0.000635
0.000639
0.000558
0.000632
0.000457
0.000731
0.000420
0.000530
0.000499
0.000510
0.000636
0.000428
0.000699
0.000481
0.000716
0.000422
0.000810
0.000615
0.000590
0.000634
0.000435
0.000836
0.000397
0.000617
0.000430
0.000464
0.000460
0.000422
0.000560
0.000285
0.000550
0.000395
0.000406
0.000465
0.000355
0.000619
0.000412
0.000519
0.000313
0.000553
0.000450
0.000468
0.000577
0.000385
0.000542
0.000464
0.000502
0.000702
0.000660
0.000660
0.000442
0.000570
0.000416
0.000557
0.000381
0.000449
0.000496
0.000560
0.000605
0.000404
0.000378
0.000441
0.000374
0.000378
0.000287
0.000330
0.000349
0.000569
0.000258
0.000399
0.000427
0.000433
0.000501
0.000430
0.000402
0.000508
0.000387
0.000430
0.000528
0.000445
0.000581
0.000448
0.000820
0.000414
0.000558
0.000801
0.000521
0.000357
0.000562
0.000341
0.000326
0.000507
0.000638
0.000495
0.000345
0.000373
0.000414
0.000502
0.000602
0.000512
0.000380
0.000414
0.000458
0.000331
0.000575
0.000469
0.000338
0.000343
0.000359
0.000767
0.000445
0.000381
0.000387
0.000339
0.000408
0.000417
0.000389
0.000415
0.000830
0.000538
0.000858
0.000553
0.000431
0.000470
0.000523
0.000465
0.000425
0.000808
0.000681
0.000510
0.000576
0.000513
0.000395
0.000650
0.000450
0.000532
0.000462
0.000621
0.000523
0.000594
0.000494
0.000490
0.000472
0.000804
0.000680
0.000954
0.000592
0.000530
0.000366
0.000645
0.000556
0.000520
0.000577
0.000486
0.000867
0.000540
0.000759
0.000408
0.000478
0.000473
0.000535
0.000300
0.000437
0.000574
0.000397
0.000271
0.000425
0.000378
0.000407
0.000557
0.000342
0.000408
0.000482
0.000503
0.000272
0.000319
0.000770
0.000550
0.000665
0.000521
0.000743
0.000340
0.000930
0.000394
0.001089
0.000505
0.000877
0.000530
0.000598
0.000466
0.000414
0.000803
0.000489
0.000660
0.000406
0.000513
0.000722
0.000370
0.000454
0.000378
0.000481
0.000735
0.000633
0.000715
0.000816
0.000721
0.000894
0.000891
0.000516
0.000977
0.000558
0.000784
0.000432
0.000803
0.000477
0.000515
0.000548
0.000712
0.000637
0.000523
0.000637
0.000890
0.000554
0.001077
0.000515
0.000886
0.000576
0.000934
0.000404
0.000660
0.000609
0.000867
0.000683
0.000893
0.000725
0.000698
0.000933
0.000542
0.001340
0.000585
0.001318
0.000556
0.001153
0.000405
0.000650
0.000465
0.000729
0.000582
0.000317
0.000463
0.000669
0.000521
0.000489
0.000765
0.000672
0.000379
0.000861
0.000715
0.000720
0.000659
0.000620
0.000472
0.000741
0.000478
0.000469
0.000444
0.000713
0.000597
0.000522
0.000541
0.000580
0.000837
0.000400
0.000527
0.000781
0.000620
0.000744
0.000493
0.000511
0.000315
0.000309
0.000729
0.000477
0.000476
0.000734
0.001152
0.000666
0.000749
0.000907
0.000699
0.001018
0.000636
0.000810
0.000387
0.000943
0.000586
0.001267
0.000541
0.001275
0.000841
0.001752
0.000520
0.000847
0.001285
0.001143
0.000518
0.000762
0.000624
0.000546
0.000832
0.000993
0.000908
0.000520
0.000974
0.000629
0.000735
0.000781
0.000481
0.001146
0.000534
0.001184
0.000538
0.001026
0.000662
0.000800
0.000877
0.000903
0.001059
0.000955
0.001223
0.000593
0.000593
0.000548
0.000671
0.000619
0.000529
0.000744
0.000636
0.000963
0.000512
0.000627
0.000425
0.000371
0.000705
0.000531
0.000649
0.000432
0.000748
0.000642
0.000351
0.000354
0.000312
0.000394
0.000641
0.000697
0.000401
0.000493
0.000812
0.000617
0.000503
0.000436
0.000787
0.000636
0.000926
0.000509
0.000826
0.000524
0.000638
0.000468
0.000471
0.000484
0.000406
0.000579
0.000697
0.000743
0.000436
0.000545
0.000576
0.000533
0.000375
0.000405
0.000624
0.000479
0.000529
0.000523
0.000473
0.000328
0.000565
0.000446
0.000692
0.000885
0.000602
0.000619
0.000633
0.000622
0.000710
0.000731
0.000709
0.000552
0.000664
0.000541
0.000483
0.000579
0.000419
0.000660
0.000368
0.000483
0.000481
0.000562
0.000305
0.000344
0.000421
0.000480
0.000509
0.000365
0.000542
0.000604
0.000552
0.000454
0.000533
0.000555
0.000325
0.000758
0.000448
0.000529
0.000461
0.000571
0.000302
0.000619
0.000462
0.000474
0.000317
0.000496
0.000500
0.000387
0.000496
0.000545
0.000592
0.000347
0.000747
0.000279
0.000438
0.000430
0.000570
0.000533
0.000362
0.000323
0.000356
0.000424
0.000222
0.000521
0.000338
0.000488
0.000302
0.000360
0.000440
0.000325
0.000299
0.000445
0.000408
0.000345
0.000566
0.000342
0.000330
0.000345
0.000339
0.000293
0.000374
0.000350
0.000325
0.000383
0.000429
0.000606
0.000396
0.000275
0.000455
0.000462
0.000295
0.000419
0.000358
0.000319
0.000410
0.000374
0.000443
0.000304
0.000273
0.000528
0.000317
0.000336
0.000412
0.000362
0.000346
0.000337
0.000393
0.000278
0.000478
0.000370
0.000506
0.000410
0.000474
0.000403
0.000364
0.000604
0.000289
0.000723
0.000420
0.000401
0.000415
0.000685
0.000326
0.000662
0.000475
0.000952
0.000249
0.000635
0.000400
0.000490
0.000337
0.000575
0.000369
0.000313
0.000422
0.000523
0.000333
0.000409
0.000327
0.000359
0.000344
0.000439
0.000285
0.000319
0.000343
0.000368
0.000293
0.000351
0.000404
0.000401
0.000296
0.000389
0.000281
0.000270
0.000238
0.000281
0.000218
0.000266
0.000281
0.000421
0.000171
0.000347
0.000324
0.000302
0.000349
0.000286
0.000467
0.000284
0.000452
0.000281
0.000339
0.000417
0.000243
0.000383
0.000279
0.000358
0.000378
0.000556
0.000442
0.008477
0.000615
0.000290
0.000477
0.000259
0.000357
0.000406
0.000432
0.000410
0.000290
0.000510
0.000253
0.000406
0.000552
0.000439
0.000350
0.000498
0.000632
0.000472
0.000295
0.000439
0.000507
0.000561
0.000294
0.000476
0.000368
0.000466
0.000242
0.000426
0.000362
0.000485
0.000439
0.000581
0.000373
0.000285
0.000444
0.000532
0.000475
0.000577
0.000466
0.000603
0.000415
0.000425
0.000487
0.000425
0.000498
0.000522
0.008828
0.000758
0.000470
0.000434
0.000674
0.000619
0.008331
0.000713
0.000845
0.000488
0.000617
0.000428
0.000606
0.000366
0.000601
0.008266
0.001070
0.000318
0.000943
0.000378
0.000938
0.008095
0.000384
0.000451
0.000455
0.000449
0.000467
0.000464
0.000511
0.000597
0.000412
0.000439
0.000380
0.000366
0.000319
0.000309
0.000267
0.000488
0.000365
0.000427
0.000242
0.000537
0.008582
0.015956
0.002745
0.000799
0.001573
0.001196
0.001223
0.000730
0.001176
0.000706
0.001145
0.000651
0.001284
0.000512
0.000841
0.000615
0.000437
0.000576
0.000624
0.000888
0.000774
0.000602
0.000410
0.000560
0.000634
0.000519
0.000275
0.000450
0.000527
0.000507
0.000392
0.000654
0.000512
0.000391
0.000454
0.000377
0.000432
0.000638
0.000430
0.000458
0.000717
0.000523
0.000392
0.000423
0.000537
0.000596
0.000353
0.000527
0.000394
0.000491
0.000249
0.000546
0.008491
0.001087
0.000424
0.000881
0.000344
0.000795
0.000402
0.000601
0.000346
0.000432
0.000289
0.000371
0.000337
0.000371
0.000453
0.000520
0.000333
0.000289
0.000295
0.000238
0.000451
0.000460
0.000417
0.000364
0.000329
0.000315
0.008397
0.001028
0.000280
0.001021
0.000354
0.000791
0.000351
0.000706
0.000488
0.000567
0.000472
0.000468
0.000450
0.000526
0.000371
0.008675
0.000350
0.000686
0.000460
0.000519
0.000365
0.000483
0.000364
0.000495
0.000336
0.000428
0.000386
0.000356
0.000286
0.000366
0.000367
0.008290
0.000529
0.000732
0.000537
0.000571
0.000440
0.000463
0.000316
0.000438
0.000439
0.000575
0.000258
0.000560
0.000407
0.000394
0.000266
0.000271
0.000246
0.000323
0.000304
0.000314
0.000361
0.000334
0.000480
0.000364
0.000297
0.000244
0.000429
0.000319
0.000302
0.000343
0.008609
0.000562
0.000348
0.000544
0.000405
0.000578
0.000361
0.000467
0.000384
0.000309
0.000272
0.000375
0.000371
0.000383
0.000443
0.000361
0.000308
0.000257
0.000459
0.000271
0.000389
0.000299
0.008345
0.000591
0.000300
0.000882
0.000303
0.008569
0.008084
0.000327
0.000333
0.000443
0.000433
0.000307
0.000367
0.000313
0.000384
0.008330
0.000440
0.000392
0.000365
0.000367
0.000511
0.000490
0.000373
0.000347
0.000415
0.000413
0.000407
0.008121
0.001002
0.000408
0.000737
0.000521
0.000641
0.000362
0.000721
0.000428
0.000697
0.000739
0.000765
0.000576
0.000577
0.000744
0.000655
0.000576
0.000596
0.000814
0.000434
0.000875
0.000375
0.008492
0.000408
0.000934
0.000212
0.000400
0.000303
0.000375
0.000318
0.000245
0.008182
0.000493
0.000407
0.000352
0.000452
0.000292
0.000390
0.000414
0.000305
0.000335
0.000373
0.000356
0.000299
0.000245
0.000402
0.000573
0.000228
0.000229
0.000330
0.000358
0.000317
0.000315
0.000269
0.000348
0.000445
0.000433
0.000498
0.000460
0.000398
0.008392
0.000394
0.000434
0.000376
0.000258
0.000370
0.000268
0.000354
0.000383
0.000275
0.000268
0.000373
0.008298
0.000620
0.008007
0.000358
0.000414
0.000322
0.000380
0.000399
0.000341
0.000265
0.000337
0.000326
0.000393
0.000380
0.000354
0.000238
0.008291
0.000771
0.000290
0.000669
0.000335
0.000528
0.000246
0.008352
0.000403
0.000690
0.000448
0.000524
0.000419
0.000388
0.000382
0.000666
0.000415
0.000444
0.000511
0.008400
0.001009
0.000700
0.001078
0.000445
0.000951
0.000530
0.000904
0.000728
0.000964
0.000558
0.000883
0.000616
0.000790
0.000814
0.000962
0.025396
0.003384
0.001191
0.001684
0.001374
0.001152
0.002309
0.000521
0.010819
0.000960
0.002297
0.000665
0.001490
0.000939
0.001300
0.000941
0.000968
0.000959
0.000484
0.001196
0.000467
0.000886
0.001014
0.001246
0.000632
0.000508
0.000508
0.008416
0.001109
0.001045
0.000956
0.000914
0.000641
0.001055
0.000471
0.001023
0.000387
0.000805
0.000365
0.000817
0.000477
0.000426
0.000484
0.000343
0.000693
0.000244
0.000552
0.000319
0.000540
0.000313
0.000426
0.000330
0.000390
0.000619
0.000420
0.000841
0.000318
0.001007
0.000326
0.000788
0.000438
0.000481
0.008562
0.000549
0.000897
0.000420
0.000956
0.000356
0.000537
0.000510
0.000441
0.000343
0.000386
0.008373
0.000647
0.000353
0.000555
0.000377
0.000556
0.000368
0.000367
0.000573
0.000487
0.000567
0.000408
0.000510
0.000397
0.000464
0.000262
0.000288
0.000408
0.000271
0.000674
0.000406
0.000326
0.000441
0.000411
0.000432
0.008295
0.000326
0.008099
0.000604
0.000405
0.000634
0.000372
0.000453
0.000523
0.000477
0.000526
0.000259
0.000539
0.000310
0.000382
0.000334
0.000346
0.000562
0.000452
0.000302
0.000323
0.000585
0.000273
0.000436
0.000395
0.000361
0.000325
0.000368
0.000379
0.000361
0.000370
0.000229
0.000301
0.000328
0.000335
0.000340
0.000389
0.000285
0.000274
0.000304
0.000333
0.000313
0.000310
0.000412
0.000356
0.000221
0.000367
0.000385
0.000406
0.000324
0.000346
0.000487
0.000312
0.000335
0.000173
0.000311
0.000227
0.000436
0.000197
0.000280
0.000264
0.000277
0.000231
0.000293
0.000270
0.000263
0.008468
0.000444
0.000462
0.000283
0.000664
0.000392
0.000511
0.000327
0.000510
0.000301
0.000481
0.000322
0.000593
0.000362
0.000553
0.000411
0.000366
0.000492
0.000370
0.000532
0.000298
0.000490
0.000300
0.000313
0.008159
0.000466
0.000361
0.008038
0.000584
0.000293
0.000553
0.000341
0.000256
0.000346
0.000294
0.000414
0.000335
0.000308
0.000322
0.000247
0.000291
0.000342
0.000255
0.000422
0.000243
0.000453
0.000193
0.000444
0.000285
0.000589
0.000285
0.000432
0.000262
0.000452
0.000294
0.000393
0.000233
0.000345
0.000273
0.000459
0.000292
0.000367
0.000247
0.000338
0.000261
0.000236
0.000256
0.000267
0.000367
0.000280
0.000305
0.000197
0.000236
0.000315
0.000241
0.000197
0.000362
0.000336
0.000235
0.000206
0.000263
0.000341
0.008450
0.000831
0.000497
0.000553
0.000289
0.000693
0.000321
0.000520
0.000309
0.000429
0.007959
0.007894
0.000487
0.000717
0.000224
0.000407
0.000665
0.000502
0.000417
0.000551
0.000412
0.000719
0.000734
0.000466
0.000736
0.000295
0.000585
0.000470
0.000401
0.000463
0.000741
0.000339
0.000372
0.000528
0.000562
0.000379
0.000591
0.000385
0.000526
0.000396
0.000418
0.000458
0.000445
0.000421
0.000280
0.000399
0.008458
0.000402
0.000371
0.000229
0.000340
0.008180
0.000464
0.000538
0.000565
0.000299
0.000682
0.000482
0.000438
0.000371
0.000869
0.000343
0.000259
0.000308
0.000362
0.000292
0.000306
0.000262
0.000359
0.000303
0.000279
0.000353
0.000249
0.000450
0.000384
0.000268
0.000337
0.000270
0.000360
0.008535
0.000766
0.000534
0.000665
0.000354
0.000707
0.000389
0.000549
0.000549
0.000715
0.000246
0.000621
0.000448
0.000571
0.000333
0.000430
0.000412
0.000396
0.000421
0.000377
0.000343
0.000263
0.000258
0.008269
0.000444
0.000410
0.000478
0.000298
0.000501
0.000359
0.000391
0.000322
0.000444
0.008275
0.000266
0.000347
0.000397
0.000458
0.000366
0.000327
0.000305
0.000449
0.000392
0.000223
0.000410
0.000384
0.000395
0.000253
0.000384
0.000232
0.000389
0.000422
0.000268
0.000402
0.000284
0.000277
0.000289
0.000228
0.000317
0.000337
0.000299
0.000311
0.000317
0.000306
0.000358
0.000286
0.000175
0.000297
0.000212
0.000209
0.000336
0.000285
0.000316
0.000285
0.000419
0.000422
0.000256
0.000251
0.008209
0.000362
0.000294
0.000353
0.000222
0.000331
0.000308
0.000235
0.000304
0.000201
0.007984
0.000502
0.000243
0.000343
0.000240
0.000382
0.000359
0.000217
0.007944
0.000670
0.000400
0.000353
0.000452
0.000268
0.000299
0.000336
0.000363
0.000253
0.000234
0.009019
0.000711
0.000489
0.000838
0.000379
0.000631
0.000257
0.000402
0.000488
0.000767
0.000288
0.000868
0.000547
0.000673
0.000357
0.000552
0.000367
0.000692
0.000373
0.001124
0.000633
0.000819
0.000713
0.000594
0.000366
0.000605
0.000372
0.000574
0.000405
0.000308
0.000281
0.000232
0.000323
0.000330
0.000316
0.001119
0.000206
0.000732
0.000371
0.000709
0.009614
0.000619
0.000791
0.001398
0.001020
0.000718
0.000837
0.000711
0.000604
0.000947
0.001031
0.000597
0.000525
0.000660
0.009027
0.000686
0.000549
0.000249
0.000443
0.000923
0.000719
0.000530
0.000287
0.000760
0.000396
0.000653
0.000483
0.009142
0.000886
0.008774
0.000956
0.000660
0.000568
0.001334
0.008490
0.000582
0.000750
0.000986
0.000688
0.000678
0.000605
0.000759
0.000810
0.000871
0.000901
0.000926
0.000960
0.000745
0.001010
0.000725
0.000816
0.000700
0.009222
0.001816
0.000924
0.001355
0.000860
0.002103
0.000626
0.000908
0.002344
0.001079
0.000880
0.001743
0.001200
0.001955
0.001084
0.001208
0.001195
0.001169
0.001162
0.000876
0.000603
0.009381
0.008969
0.000890
0.001223
0.008615
0.009065
0.001161
0.009451
0.000830
0.001275
0.000964
0.000935
0.008660
0.001073
0.000503
0.008647
0.000713
0.000912
0.000686
0.000854
0.000799
0.000504
0.000561
0.008928
0.008558
0.001462
0.001068
0.001251
0.000335
0.001595
0.009136
0.000384
0.000373
0.008309
0.001283
0.000664
0.000442
0.008753
0.000616
0.000493
0.000799
0.000711
0.000531
0.000541
0.000527
0.000423
0.008015
0.001172
0.000408
0.000766
0.000363
0.000813
0.000498
0.000597
0.000504
0.000447
0.000546
0.008621
0.000584
0.008286
0.000800
0.000466
0.000366
0.000312
0.000404
0.000597
0.000309
0.000384
0.000346
0.000271
0.000380
0.000377
0.000325
0.000388
0.000398
0.000371
0.000485
0.000377
0.000277
0.000413
0.000168
0.000393
0.000347
0.000370
0.000454
0.000380
0.000342
0.000439
0.000257
0.000364
0.000394
0.000209
0.000264
0.000336
0.000245
0.000296
0.000335
0.000226
0.000415
0.000245
0.008312
0.000417
0.000326
0.000484
0.000354
0.000518
0.000350
0.000327
0.000271
0.000434
0.000315
0.000408
0.000268
0.008005
0.000642
0.000464
0.000392
0.000318
0.000421
0.000577
0.008727
0.000391
0.000537
0.000569
0.000328
0.000414
0.000612
0.000406
0.000386
0.000316
0.000461
0.000329
0.000604
0.000225
0.000618
0.000310
0.000971
0.000197
0.000490
0.008419
0.000947
0.000552
0.008985
0.000262
0.000537
0.000276
0.000470
0.000335
0.000552
0.000361
0.000743
0.008341
0.008637
0.001200
0.001131
0.000882
0.000888
0.001156
0.008413
0.001034
0.008010
0.001618
0.000583
0.008308
0.000616
0.000462
0.000543
0.000420
0.000269
0.007869
0.007881
0.000573
0.000576
0.000467
0.000381
0.008675
0.000413
0.000526
0.000563
0.000645
0.007777
0.000619
0.000720
0.000325
0.000550
0.000246
0.000294
0.000672
0.000270
0.000546
0.008457
0.000395
0.000234
0.000472
0.000293
0.007903
0.000634
0.000441
0.000475
0.000799
0.000506
0.000296
0.000518
0.000346
0.000410
0.000464
0.000599
0.000249
0.000339
0.008232
0.000316
0.000588
0.000466
0.000310
0.000506
0.000518
0.000403
0.000538
0.000484
0.000290
0.000428
0.000313
0.000466
0.000329
0.000482
0.000594
0.000343
0.000613
0.000391
0.008192
0.000699
0.000674
0.000611
0.000590
0.000251
0.000533
0.008085
0.000387
0.000458
0.000568
0.000417
0.000407
0.000300
0.000449
0.000356
0.000457
0.000370
0.000772
0.008176
0.000593
0.000745
0.000739
0.000529
0.000944
0.000320
0.000910
0.000481
0.000916
0.000603
0.000487
0.000525
0.000358
0.000651
0.000371
0.000466
0.008186
0.000790
0.000478
0.000607
0.000378
0.000381
0.000502
0.000672
0.008553
0.000874
0.000483
0.000512
0.000893
0.000459
0.000681
0.000450
0.001121
0.000312
0.000618
0.000414
0.009026
0.000386
0.015226
0.001525
0.008715
0.001057
0.000700
0.001161
0.008097
0.000304
0.000594
0.000697
0.000735
0.000800
0.000356
0.001067
0.000574
0.000473
0.000574
0.000565
0.000277
0.007813
0.000530
0.000771
0.000329
0.000609
0.000321
0.008477
0.000221
0.000342
0.007736
0.000501
0.000510
0.000598
0.000469
0.000443
0.000497
0.000401
0.000587
0.000416
0.000535
0.000309
0.008354
0.000454
0.007830
0.008056
0.000425
0.000263
0.007915
0.000401
0.007689
0.000501
0.000421
0.000447
0.000556
0.000453
0.000571
0.000517
0.007988
0.000551
0.000452
0.000368
0.000381
0.000512
0.000306
0.000369
0.000404
0.000234
0.000380
0.000190
0.000387
0.000141
0.000456
0.000185
0.000310
0.000387
0.000119
0.000350
0.000231
0.000308
0.000416
0.000256
0.000210
0.000217
0.000190
0.000243
0.000163
0.000214
0.000208
0.000223
0.008136
0.000434
0.000541
0.008484
0.000511
0.007980
0.000390
0.008535
0.000305
0.000659
0.007369
0.000298
0.016455
0.001238
0.000516
0.000713
0.000599
0.000652
0.008775
0.008196
0.000751
0.000636
0.001009
0.000548
0.000516
0.000702
0.000509
0.000483
0.000418
0.000255
0.000504
0.000461
0.000327
0.000521
0.000379
0.000460
0.008181
0.000349
0.015849
0.000851
0.000336
0.000655
0.007743
0.000810
0.000454
0.000518
0.000647
0.000318
0.000646
0.000198
0.000607
0.008209
0.000967
0.000358
0.000794
0.000782
0.000387
0.000446
0.000443
0.008200
0.000775
0.000830
0.007999
0.000533
0.000512
0.000446
0.000364
0.000533
0.000288
0.000490
0.008807
0.000519
0.000894
0.007983
0.000818
0.000972
0.008424
0.000527
0.000986
0.000390
0.000688
0.000955
0.000916
0.000649
0.000747
0.000370
0.000757
0.000459
0.000393
0.000844
0.000322
0.000427
0.007928
0.000432
0.000471
0.000559
0.007931
0.000260
0.000431
0.000392
0.000270
0.000351
0.007727
0.000478
0.000413
0.000373
0.000302
0.000378
0.000224
0.000339
0.000300
0.000303
0.000314
0.000225
0.000351
0.008478
0.000710
0.000302
0.000635
0.000385
0.000310
0.000374
0.008094
0.000298
0.000282
0.000364
0.000193
0.000346
0.000298
0.000219
0.000271
0.000183
0.000196
0.000217
0.000190
0.008083
0.000398
0.000217
0.000430
0.000413
0.000357
0.000453
0.000272
0.000491
0.000297
0.000319
0.000335
0.000283
0.000231
0.007984
0.000660
0.000276
0.000562
0.000241
0.000402
0.000407
0.008012
0.008381
0.000538
0.007906
0.000543
0.000244
0.000492
0.000493
0.000381
0.000341
0.000331
0.000277
0.000483
0.000370
0.000196
0.008300
0.000485
0.000311
0.000407
0.000244
0.000408
0.000472
0.008353
0.000123
0.000401
0.007835
0.000243
0.000227
0.000516
0.000296
0.000261
0.000171
0.000209
0.000301
0.000226
0.000380
0.000337
0.000258
0.000484
0.000214
0.000240
0.000546
0.000158
0.000206
0.000294
0.000180
0.000319
0.000286
0.008439
0.000490
0.000424
0.000458
0.000332
0.024023
0.002319
0.000913
0.001455
0.001113
0.001207
0.001769
0.008514
0.001145
0.000538
0.000804
0.000469
0.008605
0.000388
0.000726
0.000526
0.000417
0.000375
0.000390
0.000267
0.000478
0.008277
0.008167
0.000913
0.000560
0.001024
0.000633
0.000813
0.000323
0.000554
0.000767
0.000315
0.000521
0.000430
0.000533
0.016690
0.015596
0.001762
0.008227
0.001727
0.008119
0.001549
0.001218
0.000754
0.001249
0.000357
0.008519
0.008472
0.001103
0.001186
0.007407
0.000952
0.000638
0.008147
0.000928
0.000767
0.000859
0.000564
0.000678
0.000648
0.000511
0.000547
0.000700
0.000382
0.000341
0.000590
0.000360
0.000417
0.000445
0.000258
0.000320
0.000417
0.000322
0.000176
0.000389
0.000486
0.000285
0.000422
0.000263
0.000292
0.000488
0.000511
0.000258
0.000517
0.000584
0.000312
0.000428
0.000251
0.000179
0.000442
0.000444
0.000233
0.000555
0.000297
0.000365
0.000443
0.000396
0.000253
0.008564
0.000177
0.000290
0.008181
0.000287
0.000167
0.000240
0.000200
0.000154
0.000301
0.000240
0.008138
0.000231
0.000308
0.000255
0.000356
0.000181
0.000221
0.000525
0.000311
0.000316
0.000228
0.007998
0.000447
0.000222
0.000584
0.000274
0.009183
0.000363
0.000383
0.000645
0.000653
0.008453
0.000196
0.000967
0.000393
0.000939
0.000319
0.000421
0.000493
0.008186
0.001198
0.000351
0.000692
0.000785
0.000408
0.000712
0.000246
0.000533
0.000237
0.000321
0.000337
0.000259
0.000416
0.000230
0.000206
0.000263
0.008189
0.000228
0.000251
0.000223
0.000259
0.000413
0.000131
0.000252
0.007864
0.000154
0.000165
0.000180
0.000208
0.000292
0.000210
0.000211
0.000115
0.000145
0.000336
0.000177
0.000151
0.000143
0.015527
0.000662
0.000424
0.000537
0.000391
0.000305
0.000390
0.008209
0.000366
0.000209
0.000271
0.023684
0.001417
0.000971
0.000673
0.000705
0.000786
0.000343
0.000427
0.000670
0.015116
0.015434
0.000682
0.001479
0.000855
0.000579
0.001605
0.016286
0.000503
0.000365
0.000770
0.000457
0.001146
0.000514
0.007269
0.000335
0.008360
0.000515
0.000459
0.006488
0.000399
0.000391
0.000185
0.000322
0.000914
0.000483
0.000179
0.000291
0.000466
0.008039
0.000969
0.000321
0.000645
0.000319
0.008005
0.007064
0.000444
0.000500
0.000539
0.000306
0.006488
0.000635
0.000470
0.008641
0.001091
0.000609
0.000506
0.000869
0.000503
0.001218
0.000270
0.000853
0.000325
0.000435
0.000334
0.000255
0.000349
0.000413
0.000252
0.016020
0.001612
0.000959
0.000360
0.008707
0.000548
0.000571
0.008719
0.000351
0.000266
0.000616
0.015259
0.001068
0.001281
0.000558
0.007696
0.000299
0.007709
0.000341
0.000350
0.000467
0.000276
0.000416
0.000329
0.000462
0.000686
0.007588
0.000351
0.000271
0.000353
0.000266
0.000437
0.000201
0.000314
0.000232
0.000322
0.000317
0.000325
0.000204
0.015687
0.000878
0.000344
0.007604
0.000394
0.000645
0.000338
0.000434
0.000338
0.000413
0.000216
0.000347
0.000390
0.000265
0.000232
0.000442
0.008284
0.000167
0.000532
0.000205
0.000320
0.007865
0.000393
0.000403
0.007844
0.000296
0.000298
0.000216
0.000293
0.000293
0.000298
0.000315
0.000702
0.000818
0.000207
0.000149
0.007664
0.000381
0.000320
0.000169
0.000864
0.000195
0.000309
0.000194
0.000269
0.000184
0.000299
0.000156
0.000284
0.000204
0.000194
0.000222
0.000204
0.007960
0.007832
0.000534
0.000782
0.000283
0.000310
0.000258
0.000146
0.000333
0.007427
0.000335
0.000304
0.007446
0.000240
0.000429
0.000336
0.000304
0.000327
0.000365
0.000285
0.000249
0.000311
0.000276
0.000596
0.008192
0.000280
0.000869
0.000167
0.000258
0.000364
0.000196
0.007428
0.000448
0.000279
0.000359
0.000345
0.000440
0.000345
0.000449
0.000341
0.000330
0.000448
0.000278
0.000429
0.001071
0.000582
0.000287
0.000369
0.000302
0.008535
0.000619
0.000380
0.000174
0.000613
0.000668
0.007852
0.000695
0.001184
0.000341
0.008490
0.008694
0.000386
0.000721
0.000714
0.000295
0.000683
0.008655
0.000541
0.000789
0.000570
0.000383
0.000671
0.000655
0.000378
0.000736
0.000469
0.000419
0.008342
0.000607
0.007772
0.007549
0.001076
0.008233
0.015192
0.001096
0.000875
0.001300
0.007420
0.000994
0.000479
0.000982
0.008201
0.000694
0.000878
0.000537
0.000644
0.000534
0.000597
0.008539
0.000512
0.001403
0.000414
0.000929
0.000708
0.001151
0.001142
0.000579
0.000820
0.000255
0.000773
0.000564
0.000440
0.007658
0.000338
0.000684
0.007320
0.000464
0.000440
0.007245
0.008397
0.000601
0.008240
0.000342
0.000368
0.000522
0.007718
0.008589
0.015897
0.008125
0.000189
0.016396
0.000481
0.000811
0.000373
0.000585
0.000507
0.008151
0.000710
0.007876
0.001228
0.008357
0.000534
0.000685
0.015492
0.007590
0.001221
0.008650
0.000628
0.007912
0.000504
0.015826
0.001219
0.007264
0.000728
0.000899
0.008215
0.007800
0.001231
0.001248
0.000770
0.000734
0.001043
0.000761
0.007399
0.001347
0.000756
0.000494
0.001080
0.000594
0.008764
0.007649
0.001335
0.000711
0.009010
0.008728
0.000992
0.000543
0.008524
0.001059
0.007907
0.000832
0.000711
0.000459
0.000528
0.000728
0.000479
0.000395
0.008771
0.008009
0.000632
0.000644
0.001054
0.008016
0.000318
0.000949
0.008254
0.000303
0.016154
0.000482
0.000419
0.000439
0.000528
0.000193
0.008205
0.000574
0.008318
0.000506
0.015641
0.000763
0.008243
0.000323
0.000334
0.000565
0.000317
0.000447
0.008628
0.008353
0.000501
0.008620
0.000526
0.000430
0.015840
0.023199
0.001888
0.001575
0.009049
0.000478
0.001469
0.008304
0.007733
0.001372
0.008946
0.008595
0.001283
0.001529
0.000968
0.000457
0.001305
0.001151
0.000761
0.000616
0.000973
0.000916
0.000339
0.008458
0.000840
0.008305
0.008382
0.000664
0.000381
0.008497
0.007817
0.001082
0.000908
0.000312
0.008351
0.015623
0.007255
0.001251
0.009095
0.000595
0.016755
0.008000
0.000965
0.007890
0.014507
0.021322
0.001131
0.001844
0.000836
0.001144
0.008263
0.000624
0.000855
0.008095
0.000807
0.000849
0.000760
0.000713
0.023972
0.000591
0.000840
0.000253
0.015126
0.022595
0.009207
0.001544
0.001033
0.001604
0.016439
0.000948
0.009783
0.001179
0.001252
0.001415
0.000669
0.001263
0.001250
0.008084
0.001199
0.000756
0.000630
0.007849
0.000805
0.007011
0.000446
0.007757
0.000524
0.007543
0.000520
0.008783
0.007380
0.008977
0.000896
0.000567
0.016767
0.000637
0.008437
0.000634
0.016210
0.000544
0.000508
0.000439
0.000638
0.007490
0.000616
0.000591
0.007705
0.000324
0.015925
0.016556
0.001130
0.000861
0.000629
0.000675
0.000613
0.016581
0.008006
0.001444
0.001005
0.008418
0.000641
0.001004
0.000411
0.000248
0.000929
0.008402
0.016292
0.024578
0.008001
0.015521
0.001207
0.007275
0.000575
0.007708
0.001067
0.000962
0.008041
0.000810
0.008504
0.000718
0.000422
0.000886
0.000565
0.015159
0.001136
0.008519
0.000771
0.000499
0.000827
0.008493
0.000697
0.008837
0.024620
0.009121
0.002451
0.008308
0.001606
0.001810
0.007885
0.017802
0.003184
0.008635
0.001344
0.009952
0.000828
0.008551
0.009256
0.008668
0.000700
0.008455
0.016996
0.000808
0.000623
0.001189
0.008580
0.008860
0.008607
0.000414
0.000802
0.008555
0.000885
0.008945
0.023897
0.016103
0.016265
0.001445
0.015298
0.000678
0.000808
0.000382
0.015955
0.000514
0.001085
0.000591
0.000832
0.008067
0.000407
0.000643
0.000568
0.014428
0.007572
0.008343
0.008197
0.000593
0.008254
0.015835
0.007534
0.001130
0.007236
0.008834
0.000711
0.008439
0.000529
0.015464
0.015278
0.001217
0.009074
0.008708
0.008763
0.001612
0.008509
0.008265
0.008363
0.001334
0.008026
0.008402
0.000857
0.008151
0.008912
0.008217
0.001111
0.000836
0.009198
0.000604
0.001569
0.000935
0.015932
0.000984
0.008764
0.009221
0.000322
0.001054
0.008857
0.000391
0.000745
0.001441
0.008219
0.000416
0.000393
0.000743
0.000582
0.008044
0.000802
0.000729
0.000544
0.008683
0.000338
0.008781
0.008068
0.000448
0.000809
0.015677
0.007965
0.001400
0.000519
0.000935
0.001425
0.000422
0.000798
0.008278
0.000286
0.008318
0.000402
0.007307
0.022989
0.001042
0.000512
0.000634
0.008752
0.007167
0.000733
0.000596
0.008208
0.007544
0.000598
0.000326
0.000302
0.000314
0.008905
0.000295
0.000378
0.007966
0.000406
0.008187
0.000321
0.008100
0.015958
0.000361
0.023592
0.008035
0.008584
0.007583
0.000423
0.000552
0.000650
0.000403
0.000549
0.007752
0.016231
0.015631
0.017096
0.015175
0.000888
0.001214
0.009163
0.000353
0.001108
0.000810
0.008415
0.000557
0.000654
0.008106
0.000323
0.008268
0.000449
0.000393
0.000648
0.007590
0.000319
0.000243
0.023921
0.008265
0.001234
0.000700
0.000319
0.008037
0.008518
0.000612
0.014964
0.000732
0.007625
0.008531
0.000739
0.000423
0.000663
0.008628
0.000384
0.000459
0.000486
0.008626
0.008592
0.015427
0.008790
0.007696
0.000789
0.023249
0.000560
0.000964
0.007967
0.008149
0.007989
0.001007
0.008098
0.007970
0.000244
0.000506
0.008386
0.000859
0.000804
0.000424
0.000964
0.000765
0.007441
0.000973
0.000486
0.000673
0.000529
0.000446
0.000416
0.016356
0.000496
0.008203
0.000225
0.000255
0.000513
0.000357
0.008145
0.000401
0.000335
0.000419
0.008149
0.024055
0.000737
0.000588
0.007944
0.008679
0.000281
0.007897
0.007790
0.000282
0.000329
0.000395
0.000251
0.007518
0.008463
0.007963
0.007868
0.008155
0.000465
0.007947
0.007584
0.022933
0.000498
0.000730
0.000663
0.007951
0.000544
0.000544
0.000404
0.007681
0.007910
0.000527
0.000217
0.000308
0.000387
0.007304
0.000463
0.000394
0.000293
0.000379
0.000506
0.000400
0.000373
0.000269
0.008296
0.015263
0.007848
0.007697
0.000756
0.016142
0.017024
0.008530
0.007938
0.000509
0.008633
0.008310
0.000648
0.008387
0.007785
0.000437
0.015433
0.007687
0.015035
0.001518
0.000748
0.000760
0.001214
0.000616
0.008297
0.000960
0.007954
0.008171
0.000736
0.008692
0.000535
0.000541
0.007896
0.000635
0.000387
0.000285
0.000627
0.007780
0.000239
0.014753
0.007740
0.000601
0.000843
0.008573
0.008625
0.000589
0.000320
0.000254
0.000409
0.000341
0.008130
0.022604
0.000648
0.000373
0.000351
0.000453
0.000428
0.008119
0.007616
0.000551
0.007962
0.007927
0.000288
0.007532
0.000581
0.007245
0.000298
0.000292
0.015232
0.000375
0.007759
0.000397
0.007895
0.008499
0.007703
0.000572
0.000246
0.000372
0.000474
0.000489
0.007963
0.000469
0.015503
0.000533
0.000240
0.000346
0.000406
0.000391
0.000284
0.000332
0.000302
0.000332
0.000293
0.015532
0.000217
0.000179
0.016707
0.000515
0.008392
0.000363
0.000273
0.008040
0.008457
0.007960
0.000697
0.008628
0.007769
0.000260
0.000510
0.000551
0.000285
0.007682
0.007788
0.000338
0.008283
0.000396
0.007983
0.000437
0.014503
0.000581
0.000621
0.000288
0.000497
0.000599
0.015625
0.000880
0.001309
0.007632
0.000863
0.000632
0.008119
0.000644
0.000936
0.007812
0.000301
0.016057
0.022639
0.001127
0.008496
0.008535
0.000516
0.007921
0.000803
0.015987
0.007948
0.007663
0.007837
0.000487
0.007902
0.000453
0.008091
0.007946
0.000439
0.000512
0.007491
0.007673
0.007644
0.014289
0.000340
0.000549
0.000542
0.008720
0.007368
0.000743
0.007919
0.017153
0.000369
0.000664
0.000537
0.000585
0.009128
0.000307
0.000783
0.000730
0.000439
0.009248
0.000484
0.000311
0.000451
0.000276
0.000411
0.000428
0.000540
0.000404
0.008595
0.000290
0.000201
0.000313
0.000232
0.008265
0.000282
0.000278
0.000262
0.007724
0.000231
0.000366
0.000320
0.008739
0.007842
0.000371
0.015891
0.000490
0.000202
0.008571
0.008462
0.000449
0.000250
0.000285
0.000455
0.000223
0.000204
0.000333
0.000250
0.016158
0.033079
0.008303
0.009617
0.000972
0.000708
0.001314
0.000957
0.015809
0.001513
0.000835
0.008423
0.001466
0.000479
0.008023
0.001354
0.000664
0.000336
0.008270
0.016265
0.008010
0.001104
0.000667
0.022402
0.000757
0.000437
0.000613
0.000552
0.000425
0.008614
0.000317
0.000411
0.008042
0.000418
0.008059
0.000478
0.015643
0.000227
0.008232
0.007927
0.000516
0.000461
0.000345
0.000270
0.007935
0.008135
0.008714
0.000249
0.000275
0.007440
0.000331
0.000415
0.008306
0.000287
0.016058
0.000383
0.000386
0.008448
0.022023
0.000532
0.000428
0.015521
0.008178
0.000386
0.000718
0.008579
0.000436
0.009289
0.008120
0.008104
0.007587
0.015707
0.001001
0.000582
0.008267
0.000495
0.007653
0.000619
0.016224
0.000459
0.015624
0.000353
0.000522
0.007336
0.015007
0.008076
0.000378
0.000600
0.000515
0.000635
0.015723
0.008475
0.008126
0.007934
0.000509
0.000670
0.014954
0.022588
0.001708
0.001187
0.000419
0.001495
0.008623
0.007741
0.000967
0.001272
0.007898
0.016027
0.000721
0.000279
0.000910
0.015411
0.008726
0.008139
0.007184
0.000678
0.000334
0.000329
0.008116
0.000431
0.007595
0.000731
0.007851
0.000523
0.008196
0.000377
0.000355
0.000386
0.008846
0.000270
0.008003
0.007669
0.007888
0.000629
0.008028
0.000388
0.015462
0.008101
0.000696
0.000332
0.000501
0.000472
0.008762
0.000488
0.008547
0.000397
0.008052
0.000529
0.000505
0.007677
0.007747
0.008478
0.000384
0.015633
0.000839
0.007691
0.000654
0.000526
0.007964
0.000434
0.000380
0.007955
0.007925
0.007755
0.008633
0.000244
0.000382
0.000276
0.000200
0.000258
0.000257
0.000304
0.008723
0.000353
0.000228
0.007845
0.000445
0.000189
0.000199
0.000206
0.000485
0.000313
0.000205
0.000228
0.008074
0.000252
0.007791
0.000414
0.000262
0.008455
0.000204
0.000153
0.000174
0.007710
0.007723
0.000238
0.000166
0.000384
0.000286
0.000375
0.000180
0.000221
0.000351
0.000273
0.016507
0.000292
0.000515
0.015784
0.000426
0.000268
0.000231
0.008358
0.008197
0.000381
0.000384
0.016049
0.000346
0.000419
0.000199
0.000257
0.000473
0.000255
0.008277
0.007967
0.008358
0.008589
0.007990
0.000547
0.007911
0.000501
0.000502
0.000457
0.000299
0.008250
0.000656
0.015868
0.000534
0.000280
0.000189
0.000327
0.000333
0.000258
0.008014
0.007889
0.008000
0.000459
0.016172
0.007870
0.000824
0.000453
0.015352
0.000702
0.007869
0.000513
0.000594
0.000382
0.000533
0.008485
0.008362
0.008263
0.000899
0.000494
0.023109
0.007743
0.000756
0.000757
0.015790
0.014756
0.023240
0.000706
0.007950
0.000617
0.008718
0.016640
0.001057
0.000542
0.008022
0.000352
0.000426
0.000403
0.000299
0.000433
0.000543
0.000402
0.000302
0.000361
0.000258
0.008170
0.008796
0.016320
0.000502
0.008020
0.008016
0.008901
0.008382
0.016571
0.000644
0.008434
0.000876
0.000705
0.000417
0.000603
0.000419
0.000356
0.000576
0.000503
0.000217
0.000650
0.000476
0.000420
0.008895
0.008404
0.000270
0.000269
0.000273
0.000401
0.000184
0.000259
0.000180
0.008247
0.000275
0.007716
0.000228
0.015685
0.007722
0.015588
0.007907
0.008761
0.000479
0.008480
0.000331
0.015604
0.000666
0.008030
0.007840
0.015473
0.000386
0.000476
0.007634
0.015903
0.000324
0.007851
0.008068
0.007450
0.007149
0.000410
0.000459
0.000249
0.000285
0.008172
0.015285
0.000719
0.000833
0.000448
0.007711
0.008605
0.000736
0.000964
0.008270
0.000483
0.000629
0.000616
0.000537
0.000353
0.000608
0.000417
0.000213
0.000413
0.000336
0.008372
0.000316
0.008463
0.000491
0.008061
0.008464
0.007736
0.014762
0.000752
0.000689
0.008468
0.000484
0.008426
0.007794
0.000869
0.016251
0.015380
0.000443
0.000934
0.001090
0.000552
0.000832
0.008801
0.008288
0.000758
0.015956
0.008288
0.008152
0.000554
0.000912
0.008632
0.000555
0.008074
0.008615
0.008189
0.000614
0.008207
0.008648
0.008821
0.000308
0.000534
0.000440
0.014995
0.007560
0.000368
0.007596
0.000420
0.000294
0.000370
0.008447
0.000416
0.000299
0.000353
0.000336
0.000358
0.000282
0.000315
0.007217
0.006975
0.000273
0.000282
0.008422
0.000285
0.008239
0.015180
0.000697
0.000501
0.000287
0.000565
0.000363
0.000237
0.000418
0.008463
0.008448
0.007529
0.000474
0.000337
0.008012
0.008249
0.009427
0.008252
0.007581
0.007556
0.017688
0.000482
0.000772
0.000838
0.014985
0.000344
0.000554
0.000690
0.007460
0.000389
0.007890
0.007809
0.000731
0.007691
0.008627
0.007646
0.000448
0.000459
0.007786
0.000179
0.000262
0.000306
0.000329
0.007384
0.000158
0.000223
0.000193
0.000207
0.000194
0.014986
0.016006
0.008133
0.000557
0.008472
0.000580
0.008874
0.000185
0.008226
0.000366
0.007664
0.007708
0.000304
0.007957
0.000308
0.000427
0.000288
0.000283
0.000549
0.000330
0.000400
0.016182
0.000260
0.000369
0.008284
0.007701
0.000591
0.000391
0.000264
0.016074
0.001078
0.007686
0.015694
0.007800
0.001243
0.000764
0.007760
0.000274
0.000550
0.007998
0.000306
0.000450
0.000457
0.000389
0.000331
0.007454
0.007574
0.000404
0.000238
0.000336
0.015788
0.000282
0.007708
0.000356
0.000181
0.008026
0.016614
0.000603
0.008914
0.000521
0.007915
0.008944
0.008107
0.008258
0.008022
0.007941
0.000539
0.000816
0.007893
0.000417
0.000791
0.000739
0.007869
0.000266
0.008095
0.017380
0.015698
0.015741
0.000733
0.000631
0.016495
0.000575
0.000605
0.007993
0.000476
0.000500
0.008045
0.008676
0.000353
0.000476
0.014700
0.000653
0.000769
0.000691
0.007602
0.000419
0.000742
0.000407
0.000197
0.007875
0.015612
0.000434
0.008195
0.000523
0.000378
0.000542
0.000379
0.000251
0.000355
0.000381
0.007839
0.000607
0.000200
0.000185
0.007944
0.000517
0.000530
0.008044
0.015604
0.008631
0.015617
0.000729
0.000333
0.000658
0.000669
0.000709
0.015094
0.007815
0.001302
0.000629
0.000534
0.017426
0.000497
0.000735
0.022871
0.007983
0.000597
0.000548
0.000773
0.000491
0.007511
0.000753
0.007809
0.015513
0.000427
0.014658
0.000594
0.000501
0.023237
0.000546
0.000582
0.008659
0.000395
0.007790
0.000705
0.000694
0.000475
0.000421
0.000430
0.000475
0.008287
0.000541
0.000655
0.000316
0.000386
0.000620
0.000483
0.007431
0.008679
0.000598
0.007889
0.000343
0.008201
0.000227
0.000303
0.000314
0.000288
0.000281
0.000225
0.007572
0.000221
0.023416
0.008415
0.000728
0.000266
0.000428
0.000652
0.007648
0.007499
0.007122
0.000526
0.000483
0.000497
0.000532
0.000408
0.000360
0.008370
0.000489
0.000466
0.008469
0.007595
0.015842
0.000869
0.015454
0.000498
0.007548
0.000724
0.000424
0.000496
0.015604
0.000545
0.007656
0.016144
0.022944
0.000385
0.001079
0.000515
0.007651
0.000603
0.008212
0.000452
0.008558
0.000511
0.016031
0.000783
0.000566
0.008765
0.008070
0.000758
0.029633
0.000295
0.000362
0.000377
0.016090
0.007969
0.001163
0.008724
0.007085
0.000485
0.000598
0.000524
0.007227
0.000677
0.000365
0.000473
0.016177
0.000273
0.000373
0.008374
0.014787
0.000577
0.000377
0.000373
0.022994
0.015943
0.001268
0.008331
0.000790
0.001852
0.016812
0.000704
0.001860
0.022819
0.000546
0.000406
0.009633
0.000519
0.000367
0.009159
0.000753
0.000631
0.015705
0.000585
0.000463
0.007764
0.001202
0.000942
0.000267
0.007933
0.016508
0.016918
0.015342
0.010742
0.001577
0.008625
0.008805
0.000825
0.001537
0.007928
0.000801
0.000663
0.015993
0.000621
0.000394
0.007905
0.008392
0.000569
0.000460
0.007285
0.014932
0.001458
0.007825
0.008233
0.009820
0.001323
0.008572
0.008869
0.000702
0.015598
0.000368
0.008276
0.016292
0.015790
0.001117
0.000943
0.008277
0.000475
0.009007
0.000755
0.000372
0.007996
0.009223
0.000516
0.007797
0.022335
0.008156
0.000842
0.008191
0.000505
0.015171
0.000430
0.015142
0.000477
0.000502
0.015130
0.007641
0.000622
0.015747
0.000469
0.007840
0.015239
0.022864
0.000505
0.015717
0.008061
0.000679
0.014716
0.006754
0.000590
0.000836
0.000500
0.000682
0.014902
0.008378
0.007453
0.023048
0.007510
0.000882
0.008190
0.015352
0.000656
0.000867
0.015972
0.001042
0.000833
0.000784
0.001006
0.008754
0.008738
0.008810
0.001458
0.000515
0.008052
0.022893
0.000469
0.015328
0.001374
0.015216
0.000478
0.000651
0.008959
0.009258
0.008804
0.008699
0.007924
0.000462
0.008998
0.000797
0.008998
0.008279
0.015458
0.008485
0.001240
0.000524
0.023738
0.008086
0.007731
0.001156
0.000622
0.008242
0.000847
0.000393
0.032660
0.001077
0.001065
0.000700
0.000510
0.009466
0.000705
0.000608
0.008725
0.015732
0.000906
0.000933
0.000825
0.008583
0.000545
0.008248
0.000655
0.008587
0.007658
0.000193
0.000218
0.008652
0.008496
0.007317
0.008187
0.000270
0.000207
0.007833
0.000391
0.000236
0.007785
0.007819
0.001052
0.000564
0.007663
0.007966
0.016475
0.014995
0.001043
0.000639
0.000478
0.000583
0.000486
0.000338
0.000780
0.000379
0.000180
0.000382
0.000410
0.007946
0.000238
0.000271
0.000323
0.000334
0.008343
0.000226
0.000180
0.007987
0.007804
0.007580
0.000472
0.000276
0.000390
0.007671
0.000505
0.014802
0.000795
0.007695
0.000544
0.007148
0.000532
0.000334
0.008298
0.000591
0.008700
0.000271
0.008350
0.000364
0.000450
0.008137
0.007701
0.022088
0.000599
0.000463
0.000463
0.008572
0.000223
0.007759
0.000429
0.000436
0.008284
0.000344
0.008180
0.008370
0.000758
0.008999
0.007026
0.016262
0.000403
0.007974
0.000404
0.015482
0.014425
0.000313
0.000385
0.015014
0.000348
0.000334
0.007172
0.007764
0.000420
0.000280
0.000218
0.000285
0.014791
0.000354
0.000526
0.000284
0.014558
0.015850
0.015460
0.008486
0.008198
0.007953
0.008529
0.000722
0.015862
0.000639
0.007743
0.008293
0.007696
0.000425
0.008318
0.000334
0.008276
0.000518
0.000329
0.000392
0.007962
0.007636
0.000971
0.007432
0.007706
0.008696
0.000489
0.000463
0.000452
0.015701
0.000713
0.015721
0.015187
0.000425
0.000481
0.007739
0.015984
0.000401
0.000500
0.007290
0.007293
0.000401
0.000358
0.000408
0.007809
0.024150
0.007333
0.001049
0.007657
0.000736
0.015787
0.000366
0.000866
0.008013
0.000594
0.000451
0.007870
0.009028
0.008264
0.000903
0.000952
0.016326
0.007922
0.008051
0.008123
0.000605
0.000478
0.000414
0.000459
0.000527
0.000322
0.000416
0.000466
0.009011
0.008221
0.007174
0.007508
0.000326
0.000313
0.015714
0.000445
0.000481
0.000443
0.015964
0.000385
0.000718
0.000470
0.007426
0.000349
0.008229
0.015633
0.007649
0.007786
0.015442
0.000431
0.008124
0.015435
0.007963
0.008120
0.000719
0.007846
0.000558
0.000434
0.007577
0.015177
0.007653
0.000726
0.015169
0.000634
0.008896
0.007852
0.001524
0.015670
0.022164
0.000989
0.008435
0.000432
0.007706
0.015351
0.000688
0.008469
0.007567
0.021984
0.022990
0.008516
0.014576
0.001004
0.000745
0.000939
0.001364
0.000738
0.014390
0.007750
0.001308
0.015154
0.000491
0.000413
0.000386
0.008262
0.000658
0.007589
0.000578
0.000928
0.007959
0.007645
0.008708
0.000900
0.009118
0.000360
0.000267
0.000318
0.007539
0.007975
0.000396
0.000927
0.014441
0.000855
0.000371
0.008894
0.000614
0.000338
0.000451
0.000445
0.000529
0.007328
0.007771
0.000778
0.007415
0.007928
0.000676
0.008984
0.008369
0.029544
0.001087
0.014932
0.007855
0.017310
0.009232
0.000852
0.014971
0.001276
0.000809
0.000950
0.008791
0.015894
0.009007
0.008812
0.001592
0.022979
0.008795
0.000871
0.000641
0.014690
0.007325
0.000603
0.007614
0.007997
0.000975
0.000684
0.007505
0.015506
0.000684
0.000552
0.000702
0.000955
0.008718
0.000479
0.000702
0.000690
0.000698
0.000493
0.000366
0.008926
0.007803
0.008438
0.001028
0.008455
0.008312
0.000337
0.024938
0.008629
0.009074
0.023087
0.008794
0.000562
0.000571
0.000878
0.016240
0.007747
0.008505
0.022342
0.008042
0.007869
0.015350
0.000633
0.022616
0.008230
0.001617
0.001543
0.001674
0.001177
0.000838
0.016830
0.009337
0.009093
0.000921
0.000462
0.001491
0.001324
0.007638
0.014783
0.001574
0.008422
0.000888
0.024589
0.007825
0.000762
0.001404
0.000996
0.008775
0.016605
0.000688
0.015727
0.007265
0.000577
0.000520
0.008998
0.008609
0.000382
0.000715
0.008847
0.000831
0.007949
0.007914
0.008082
0.008130
0.000955
0.000606
0.022633
0.000456
0.000386
0.000309
0.015984
0.000528
0.007817
0.008066
0.007578
0.007337
0.000283
0.000321
0.015988
0.000473
0.014403
0.000643
0.000380
0.000381
0.013897
0.008293
0.000398
0.008193
0.008101
0.000567
0.000469
0.000272
0.000246
0.007860
0.016029
0.000725
0.000514
0.008093
0.015181
0.000263
0.000241
0.008333
0.008137
0.008872
0.000478
0.008270
0.000550
0.000540
0.000409
0.000341
0.007601
0.008424
0.015817
0.007865
0.001077
0.015774
0.000457
0.000442
0.000487
0.016590
0.000644
0.000642
0.008453
0.016154
0.008512
0.000415
0.000566
0.000702
0.016363
0.000362
0.008874
0.000576
0.008583
0.014573
0.008021
0.000556
0.008316
0.000361
0.000198
0.015806
0.000321
0.015716
0.008481
0.000452
0.008677
0.000522
0.000539
0.000349
0.000483
0.000435
0.008486
0.007552
0.008179
0.008076
0.008315
0.015616
0.000443
0.023183
0.008038
0.016017
0.001027
0.000490
0.007994
0.016193
0.000478
0.008395
0.000674
0.008535
0.000374
0.000379
0.000498
0.023614
0.008138
0.008627
0.008626
0.000527
0.000563
0.009513
0.000585
0.007606
0.000943
0.000662
0.000392
0.016785
0.008820
0.000588
0.008731
0.008141
0.008122
0.000912
0.008983
0.000176
0.000362
0.000821
0.015209
0.015935
0.000641
0.008456
0.000629
0.007150
0.008298
0.015599
0.008054
0.007499
0.023425
0.000867
0.000808
0.000626
0.000398
0.007781
0.000532
0.000332
0.008084
0.008547
0.007936
0.008283
0.007793
0.008783
0.006569
0.022200
0.016611
0.007902
0.001629
0.009531
0.000486
0.008806
0.001244
0.000728
0.007742
0.007200
0.000712
0.000675
0.029285
0.008172
0.008818
0.000822
0.008306
0.000577
0.000632
0.000554
0.000387
0.000833
0.016203
0.016215
0.000638
0.000367
0.008567
0.015986
0.015640
0.023047
0.023578
0.008280
0.008020
0.000615
0.000915
0.008184
0.000543
0.007909
0.015449
0.000742
0.008318
0.000678
0.000305
0.007574
0.007837
0.007451
0.000475
0.015259
0.021514
0.000711
0.007650
0.000901
0.000543
0.025093
0.008305
0.008808
0.000850
0.000337
0.000366
0.008587
0.000636
0.007704
0.000833
0.015874
0.000720
0.000778
0.000728
0.000836
0.000301
0.008500
0.009083
0.008383
0.000644
0.007349
0.008511
0.001016
0.000487
0.000476
0.038983
0.001457
0.008196
0.000477
0.000820
0.001184
0.001250
0.000610
0.008285
0.015672
0.001370
0.015599
0.008746
0.008301
0.000600
0.007442
0.000445
0.008108
0.008030
0.000292
0.000480
0.009044
0.008329
0.000406
0.008179
0.000969
0.022496
0.022855
0.000939
0.007762
0.000466
0.000309
0.014829
0.013908
0.000489
0.001101
0.023035
0.007470
0.008284
0.000469
0.000862
0.000635
0.008246
0.000272
0.015887
0.000470
0.008208
0.007698
0.008313
0.008681
0.000314
0.007531
0.000361
0.015293
0.015300
0.008164
0.000713
0.000459
0.008374
0.000585
0.000399
0.000336
0.008154
0.000638
0.000272
0.000445
0.008035
0.000370
0.000474
0.008612
0.008160
0.023484
0.007763
0.016581
0.000461
0.000690
0.000660
0.001025
0.000777
0.014589
0.000557
0.000873
0.015690
0.000507
0.008400
0.023442
0.014778
0.007911
0.015741
0.000721
0.000729
0.009392
0.000610
0.000320
0.016030
0.001283
0.017984
0.016225
0.024795
0.001339
0.001160
0.014702
0.001889
0.026438
0.000725
0.000775
0.016546
0.009341
0.016424
0.000387
0.000708
0.001234
0.009020
0.000619
0.000373
0.000811
0.000694
0.014632
0.000437
0.000490
0.008904
0.016264
0.000553
0.015963
0.001120
0.007690
0.022730
0.000747
0.007771
0.014828
0.000367
0.000462
0.007615
0.022073
0.000722
0.000771
0.008471
0.008251
0.022283
0.000656
0.000469
0.008410
0.009119
0.007109
0.008692
0.000681
0.000440
0.000634
0.000599
0.009159
0.000345
0.008931
0.008496
0.015878
0.000459
0.000467
0.000408
0.000513
0.007596
0.000303
0.007269
0.007488
0.023353
0.000513
0.014384
0.000582
0.008700
0.000408
0.000518
0.000508
0.000330
0.008799
0.015210
0.008501
0.000593
0.000404
0.023606
0.000709
0.014715
0.001387
0.000869
0.015724
0.000690
0.008955
0.000807
0.015785
0.000498
0.000875
0.001035
0.000770
0.000344
0.007899
0.000849
0.001119
0.007876
0.000340
0.007456
0.009469
0.000919
0.007868
0.000335
0.000379
0.000628
0.008091
0.000328
0.000481
0.000434
0.000194
0.022769
0.008099
0.022506
0.001278
0.001128
0.009230
0.009753
0.017268
0.000608
0.015620
0.008087
0.001468
0.000735
0.009284
0.008119
0.000372
0.008228
0.000738
0.014697
0.006952
0.008830
0.007792
0.000627
0.008386
0.000347
0.008404
0.008220
0.000479
0.022627
0.008224
0.001029
0.008077
0.008476
0.000342
0.029241
0.009051
0.008375
0.020891
0.000524
0.014575
0.000543
0.000348
0.014795
0.000914
0.016608
0.007642
0.015523
0.014469
0.000813
0.000670
0.008641
0.000564
0.000490
0.008420
0.000430
0.007486
0.015811
0.007084
0.008725
0.000484
0.000432
0.000649
0.006942
0.000410
0.007893
0.016067
0.008216
0.008283
0.009198
0.008314
0.000252
0.007439
0.008496
0.000271
0.007518
0.008688
0.000657
0.007253
0.000341
0.000852
0.025203
0.000884
0.007260
0.008583
0.007322
0.000397
0.008112
0.015804
0.008085
0.001062
0.000828
0.000408
0.000795
0.000782
0.008423
0.000560
0.000814
0.000622
0.000460
0.025705
0.015383
0.000940
0.008217
0.000609
0.008245
0.001198
0.000938
0.000246
0.015689
0.001264
0.008421
0.008402
0.000491
0.008017
0.008369
0.008590
0.008243
0.015475
0.000274
0.014956
0.007956
0.007945
0.000614
0.008261
0.022704
0.015040
0.008411
0.008333
0.007837
0.000499
0.007101
0.000327
0.008107
0.023015
0.000683
0.000556
0.000531
0.016845
0.000334
0.008590
0.000468
0.007462
0.000560
0.008776
0.007961
0.000512
0.000498
0.007309
0.000532
0.000312
0.008448
0.008505
0.007369
0.015719
0.008538
0.000596
0.008378
0.008685
0.029027
0.015871
0.008401
0.014651
0.000555
0.000634
0.001528
0.007922
0.000571
0.000780
0.007318
0.000416
0.015970
0.008852
0.008650
0.008508
0.015835
0.015793
0.000736
0.000780
0.006904
0.000489
0.000597
0.000406
0.007453
0.000451
0.001047
0.007441
0.007369
0.000593
0.015758
0.001009
0.008194
0.007781
0.006848
0.000506
0.015436
0.000495
0.000660
0.008118
0.000518
0.008362
0.016250
0.000774
0.007510
0.008331
0.015544
0.000346
0.000269
0.007596
0.000316
0.000410
0.000362
0.007577
0.000443
0.006910
0.014219
0.014854
0.014648
0.008080
0.000519
0.015467
0.007621
0.007169
0.008082
0.008232
0.006372
0.000865
0.007853
0.006375
0.000372
0.007299
0.008782
0.007452
0.001501
0.008977
0.009179
0.008071
0.000987
0.000595
0.000334
0.000413
0.000494
0.008159
0.000626
0.000314
0.014497
0.008264
0.007915
0.007093
0.008129
0.007850
0.016881
0.014381
0.014449
0.000681
0.015941
0.014670
0.008841
0.014946
0.000954
0.000832
0.031806
0.008648
0.008971
0.000978
0.008385
0.000559
0.022211
0.007923
0.007081
0.016339
0.020037
0.001179
0.008311
0.021561
0.006736
0.014686
0.007609
0.000481
0.007681
0.000865
0.000897
0.014412
0.008026
0.008296
0.000652
0.031707
0.008647
0.008036
0.008045
0.000951
0.015957
0.009352
0.000773
0.014646
0.008167
0.016201
0.008612
0.016853
0.007826
0.000636
0.007422
0.007124
0.021855
0.008336
0.018990
0.008471
0.017346
0.001183
0.009033
0.000797
0.009011
0.007898
0.013031
0.016394
0.008184
0.009517
0.000669
0.000920
0.009144
0.000766
0.008636
0.007927
0.007641
0.007509
0.000279
0.016427
0.000581
0.016373
0.008681
0.001283
0.008094
0.000956
0.000605
0.000493
0.022173
0.007020
0.007945
0.007939
0.008639
0.023505
0.000545
0.008362
0.000872
0.008741
0.009052
0.000844
0.009645
0.008220
0.000802
0.000663
0.000637
0.008869
0.008536
0.023833
0.008874
0.001658
0.008369
0.001364
0.008169
0.000700
0.016787
0.014745
0.001490
0.001307
0.008964
0.008553
0.008973
0.007524
0.007179
0.001181
0.008278
0.008971
0.008105
0.000609
0.015560
0.001122
0.000770
0.014631
0.016305
0.000772
0.015393
0.016259
0.001426
0.008409
0.000536
0.000587
0.022784
0.009059
0.000651
0.016719
0.000793
0.007680
0.000705
0.000679
0.008832
0.000750
0.000750
0.013583
0.008213
0.007332
0.000848
0.014580
0.000638
0.015174
0.008693
0.000413
0.000817
0.000652
0.016452
0.008606
0.000707
0.007998
0.001069
0.016420
0.000679
0.000387
0.007668
0.008524
0.008468
0.000990
0.022889
0.008682
0.001058
0.008900
0.025084
0.000393
0.001632
0.001099
0.000454
0.007558
0.023276
0.014442
0.000934
0.008959
0.014624
0.008458
0.022485
0.007703
0.000628
0.007842
0.000698
0.000485
0.000963
0.000822
0.000535
0.000620
0.008629
0.000548
0.022633
0.009022
0.000435
0.000704
0.007197
0.007576
0.014983
0.000462
0.000569
0.000779
0.009064
0.000235
0.008205
0.000504
0.000645
0.007229
0.000371
0.000394
0.000352
0.015092
0.007051
0.015141
0.021714
0.024327
0.000526
0.000510
0.016711
0.007954
0.007243
0.008139
0.008399
0.007111
0.021918
0.014646
0.008297
0.001140
0.014741
0.001066
0.016879
0.001124
0.000980
0.013396
0.014082
0.000667
0.000625
0.000538
0.000437
0.000378
0.021037
0.023138
0.023171
0.002113
0.008503
0.008025
0.001202
0.000904
0.000564
0.008340
0.009568
0.000780
0.015628
0.008476
0.008048
0.007179
0.000559
0.000587
0.008352
0.000624
0.007847
0.008113
0.000623
0.015960
0.022174
0.008632
0.021095
0.006980
0.023877
0.014377
0.000622
0.007884
0.008256
0.008900
0.022757
0.000768
0.007757
0.007038
0.030149
0.008455
0.001149
0.000769
0.001231
0.001458
0.001408
0.000490
0.001168
0.016583
0.014382
0.008005
0.000938
0.009001
0.023773
0.001311
0.016201
0.001984
0.015574
0.017333
0.000863
0.022045
0.000925
0.008064
0.007814
0.000479
0.009477
0.007359
0.007865
0.008383
0.001579
0.000514
0.024688
0.000696
0.007012
0.000645
0.000969
0.007738
0.023007
0.007144
0.015515
0.009098
0.007647
0.015543
0.000507
0.000741
0.000608
0.015743
0.007076
0.008778
0.001051
0.021697
0.008249
0.000504
0.015034
0.006730
0.000701
0.030546
0.008354
0.015667
0.007865
0.009538
0.000691
0.001358
0.001372
0.016843
0.000508
0.008655
0.001101
0.001466
0.008165
0.000377
0.000543
0.024892
0.008218
0.000808
0.008536
0.000868
0.008106
0.008526
0.000598
0.000624
0.008906
0.006939
0.008445
0.007840
0.000557
0.000472
0.000478
0.000491
0.015267
0.000674
0.015881
0.000393
0.000335
0.000628
0.008560
0.000567
0.000463
0.000452
0.015578
0.016796
0.008063
0.000807
0.008219
0.008217
0.007290
0.000454
0.008392
0.007953
0.014876
0.008289
0.008179
0.000331
0.000465
0.000670
0.007804
0.000337
0.000919
0.000456
0.000593
0.000362
0.000481
0.008039
0.014708
0.000620
0.015183
0.000481
0.000324
0.015162
0.006872
0.008396
0.015310
0.001031
0.008435
0.016313
0.000485
0.000772
0.007785
0.007916
0.007725
0.001023
0.008106
0.007452
0.014187
0.015228
0.006635
0.001224
0.000542
0.015130
0.016089
0.000920
0.015089
0.007914
0.000541
0.015689
0.000652
0.015794
0.001123
0.001243
0.021365
0.023500
0.000614
0.008101
0.000558
0.021289
0.000599
0.001019
0.008052
0.015503
0.007376
0.008383
0.008033
0.007205
0.000965
0.000521
0.000677
0.000464
0.014497
0.000261
0.008355
0.000416
0.006932
0.007829
0.013383
0.000721
0.007808
0.015252
0.022571
0.009093
0.008289
0.002040
0.022403
0.000825
0.007990
0.000946
0.001089
0.016361
0.007490
0.007731
0.000761
0.000381
0.000443
0.030695
0.008148
0.015871
0.014496
0.007953
0.029228
0.016571
0.007599
0.000922
0.000875
0.007606
0.000817
0.015878
0.007240
0.008998
0.007200
0.001072
0.000747
0.008617
0.016112
0.001056
0.000985
0.007954
0.008585
0.016103
0.008224
0.007747
0.008275
0.000629
0.015479
0.000730
0.015003
0.000678
0.008262
0.000651
0.000501
0.000523
0.000491
0.007286
0.008354
0.007447
0.008075
0.007683
0.000752
0.013863
0.015569
0.007355
0.007672
0.007269
0.008803
0.000476
0.006736
0.000735
0.016474
0.015201
0.008796
0.001908
0.013860
0.000849
0.001065
0.015548
0.000742
0.007096
0.009034
0.007746
0.001525
0.001103
0.007788
0.007843
0.015598
0.015929
0.000930
0.001110
0.014762
0.009383
0.013463
0.008737
0.001265
0.015619
0.015341
0.016115
0.015624
0.009130
0.009204
0.001338
0.000656
0.001088
0.001254
0.000831
0.023766
0.015687
0.009124
0.001424
0.022749
0.024873
0.000660
0.015495
0.001511
0.001690
0.023022
0.000716
0.016019
0.024891
0.015498
0.001884
0.000901
0.008419
0.001552
0.000906
0.000689
0.001271
0.000833
0.008807
0.008684
0.015795
0.008448
0.008405
0.015632
0.015514
0.023876
0.021808
0.008262
0.015181
0.001315
0.000976
0.001612
0.000939
0.008276
0.008279
0.008827
0.023962
0.000776
0.007795
0.000703
0.025002
0.000537
0.000537
0.015426
0.000975
0.009500
0.015549
0.000616
0.008756
0.008974
0.007739
0.000371
0.000557
0.000494
0.013280
0.015316
0.008575
0.015018
0.000982
0.007763
0.007708
0.000729
0.017544
0.008604
0.001109
0.000948
0.015342
0.008115
0.015375
0.000294
0.007881
0.008668
0.015623
0.015040
0.007860
0.008314
0.007988
0.000621
0.000424
0.008493
0.000421
0.015577
0.022830
0.007910
0.008482
0.000970
0.016401
0.008203
0.001060
0.000675
0.000894
0.000856
0.030269
0.000908
0.001153
0.000684
0.016729
0.000505
0.000443
0.007688
0.000449
0.000482
0.007646
0.000347
0.008607
0.000410
0.015501
0.022665
0.000645
0.000486
0.016003
0.008477
0.007516
0.008638
0.000803
0.000583
0.015016
0.000226
0.015917
0.000812
0.007292
0.008605
0.007972
0.008679
0.014635
0.000523
0.007906
0.000803
0.029798
0.007502
0.000370
0.007164
0.008196
0.007936
0.000970
0.008533
0.000732
0.008306
0.007429
0.000740
0.000463
0.007042
0.007253
0.023601
0.007872
0.008273
0.035986
0.008385
0.008370
0.008210
0.008886
0.001128
0.015852
0.028534
0.009270
0.000713
0.001368
0.001230
0.008115
0.022041
0.015671
0.008833
0.001554
0.000533
0.008855
0.009115
0.000538
0.015259
0.001576
0.001085
0.000488
0.038278
0.014773
0.000443
0.000855
0.007916
0.008652
0.021242
0.022997
0.000669
0.007729
0.008718
0.007699
0.015460
0.016135
0.015406
0.000460
0.007978
0.014603
0.015617
0.014967
0.007995
0.000671
0.008814
0.000373
0.008445
0.000440
0.007531
0.008039
0.007391
0.015139
0.007881
0.015818
0.001024
0.008125
0.014668
0.000977
0.007827
0.001032
0.000560
0.000841
0.000619
0.014597
0.000678
0.001029
0.001070
0.008202
0.000370
0.008529
0.007555
0.000591
0.000353
0.000476
0.022239
0.014753
0.014707
0.016216
0.015559
0.017150
0.007064
0.008013
0.008234
0.006801
0.016000
0.007986
0.008449
0.008041
0.001157
0.001060
0.016057
0.015464
0.008567
0.007778
0.000667
0.008103
0.000741
0.008630
0.000864
0.008135
0.015594
0.016105
0.008627
0.008070
0.000899
0.001045
0.016974
0.000582
0.022835
0.014934
0.008734
0.014638
0.000582
0.008558
0.001007
0.000571
0.000806
0.008112
0.000339
0.007888
0.000860
0.015268
0.007868
0.016146
0.000882
0.000856
0.000954
0.000896
0.015110
0.006910
0.008350
0.001452
0.008450
0.000903
0.014992
0.015001
0.000427
0.001170
0.014834
0.000821
0.014991
0.008224
0.008857
0.001080
0.014509
0.007813
0.000604
0.000513
0.008365
0.000459
0.000423
0.000686
0.008786
0.023033
0.007986
0.000925
0.000644
0.008486
0.000428
0.000829
0.000957
0.000500
0.008730
0.000403
0.016194
0.008472
0.008138
0.001294
0.000566
0.030767
0.023021
0.000918
0.014976
0.014922
0.008492
0.001210
0.013695
0.007444
0.000358
0.008943
0.000481
0.008596
0.000715
0.016252
0.009064
0.000683
0.015529
0.000962
0.008153
0.008187
0.000595
0.007446
0.000702
0.007301
0.000456
0.000388
0.007634
0.000479
0.007916
0.020754
0.000389
0.008536
0.007681
0.000751
0.014853
0.008633
0.000685
0.007728
0.021120
0.007527
0.008078
0.007966
0.008160
0.000880
0.015842
0.007955
0.015530
0.008548
0.007896
0.007573
0.007697
0.021537
0.001159
0.000740
0.000594
0.000845
0.008367
0.000381
0.000549
0.008256
0.000595
0.007903
0.000452
0.008427
0.008235
0.016086
0.008371
0.000867
0.000506
0.000499
0.016649
0.000511
0.020903
0.008107
0.013122
0.009715
0.007483
0.009160
0.022532
0.008793
0.001312
0.007965
0.007398
0.008505
0.008221
0.000603
0.007939
0.007978
0.000663
0.000465
0.000462
0.000816
0.000833
0.008190
0.000999
0.015177
0.000531
0.000558
0.007686
0.000558
0.022375
0.008106
0.021406
0.008159
0.001063
0.000730
0.014988
0.008167
0.000823
0.001000
0.008483
0.000958
0.024970
0.008272
0.001048
0.000705
0.000593
0.016005
0.000647
0.000820
0.000551
0.022094
0.007039
0.000769
0.021631
0.008275
0.016496
0.022564
0.014176
0.007389
0.000477
0.016374
0.014642
0.000894
0.007433
0.015987
0.015885
0.007075
0.000823
0.008116
0.007645
0.000528
0.015776
0.016228
0.008231
0.000870
0.007340
0.008424
0.015422
0.007991
0.009007
0.008474
0.007429
0.015967
0.015654
0.007665
0.000704
0.022660
0.007130
0.001041
0.008972
0.008155
0.015996
0.007923
0.007774
0.007554
0.015475
0.001047
0.000665
0.007459
0.007032
0.007793
0.008721
0.007775
0.020318
0.000661
0.007771
0.021365
0.008504
0.001375
0.000601
0.008120
0.000884
0.007389
0.000628
0.022294
0.020808
0.028703
0.008485
0.014315
0.013899
0.036015
0.015569
0.008457
0.008771
0.001800
0.016252
0.007234
0.002505
0.009911
0.008349
0.015700
0.015645
0.014549
0.023734
0.001403
0.015688
0.007298
0.008653
0.007162
0.008124
0.008006
0.014529
0.015050
0.009156
0.009058
0.000928
0.021209
0.007036
0.007552
0.014383
0.009205
0.008839
0.001053
0.001332
0.014970
0.000890
0.017045
0.000516
0.014238
0.001057
0.000966
0.007962
0.016527
0.000463
0.000687
0.007971
0.000784
0.000735
0.015903
0.007623
0.008538
0.000679
0.015389
0.000528
0.000532
0.000964
0.022698
0.015859
0.015734
0.009108
0.009033
0.000629
0.008642
0.009201
0.000546
0.000383
0.001049
0.008708
0.007680
0.015904
0.022364
0.007433
0.030254
0.002314
0.001043
0.007624
0.009366
0.000994
0.000885
0.000831
0.007938
0.000530
0.000864
0.007798
0.000464
0.000384
0.000893
0.008509
0.015907
0.014658
0.008191
0.015584
0.008374
0.009925
0.001060
0.015486
0.001143
0.008377
0.008294
0.030624
0.008600
0.010519
0.010580
0.009056
0.016317
0.016816
0.002669
0.002294
0.007812
0.008345
0.008595
0.007972
0.009849
0.009790
0.001966
0.000916
0.009564
0.001925
0.000758
0.008078
0.017211
0.017130
0.017102
0.008606
0.007821
0.026436
0.000505
0.007868
0.000732
0.008315
0.000716
0.000735
0.000544
0.015335
0.008625
0.007750
0.000474
0.000493
0.000495
0.007595
0.007851
0.007748
0.007537
0.007710
0.007722
0.000450
0.000556
0.007558
0.000819
0.007628
0.000634
0.008125
0.000787
0.016157
0.007353
0.007829
0.014156
0.008525
0.008708
0.007792
0.000815
0.014060
0.007377
0.016395
0.008013
0.001335
0.014552
0.015207
0.022428
0.000783
0.001056
0.000934
0.016016
0.036952
0.007940
0.020096
0.021051
0.013722
0.008846
0.001043
0.007203
0.024978
0.009102
0.001914
0.008664
0.015048
0.015582
0.016580
0.015401
0.001877
0.008758
0.000868
0.015936
0.008363
0.022518
0.024139
0.024997
0.002672
0.008637
0.017036
0.002111
0.002000
0.008934
0.007875
0.008465
0.010200
0.008644
0.000974
0.016414
0.007467
0.001363
0.008874
0.020980
0.020683
0.009548
0.029689
0.009940
0.001683
0.015048
0.014294
0.009186
0.015877
0.008848
0.017550
0.001391
0.036991
0.015007
0.001715
0.000797
0.000956
0.022016
0.008209
0.001130
0.008180
0.000765
0.008320
0.023491
0.000952
0.007973
0.015081
0.000855
0.008616
0.000697
0.008204
0.008682
0.015198
0.007798
0.014743
0.000728
0.000822
0.000751
0.000810
0.001006
0.000919
0.008161
0.000844
0.000539
0.000333
0.015620
0.007967
0.008824
0.022164
0.015151
0.009126
0.021229
0.008290
0.000708
0.000638
0.008496
0.000694
0.000786
0.007595
0.008068
0.021890
0.000868
0.015679
0.000737
0.008206
0.007373
0.023540
0.000455
0.000741
0.000645
0.007256
0.007948
0.008153
0.006558
0.007583
0.030560
0.014839
0.014646
0.001597
0.001361
0.015956
0.001538
0.007543
0.007489
0.000970
0.007419
0.008745
0.007325
0.000587
0.000705
0.008245
0.000560
0.007858
0.007687
0.000813
0.023174
0.008182
0.007468
0.000439
0.014342
0.015290
0.028556
0.014154
