-89.195116
-85.294338
-60.428465
-15.622963
-22.957567
-14.674532
-30.824399
-32.736141
-16.833429
-0.748819
-30.679368
-26.139944
-9.440009
-23.331818
-1.613765
-0.846872
-33.058756
-33.646575
-1.478903
-10.352432
-9.774789
0.811577
-17.517077
0.882901
0.729205
0.186687
0.328206
0.610448
0.729342
0.091945
0.395287
-0.361463
-1.384491
0.398660
-0.235790
-0.958145
-8.475180
-11.894555
0.693768
-0.283014
-5.176080
0.417038
0.795915
-11.053901
0.586859
-9.033755
0.634893
0.641143
-0.168348
0.807510
-0.804555
-4.296980
-8.683703
0.405555
-0.371826
-4.293897
0.136569
-0.122953
-11.020170
0.931801
-12.238966
0.592229
0.951346
0.403051
0.467319
0.672944
0.960184
0.232409
-10.193474
0.867844
0.819668
0.038379
0.818265
0.648218
-11.562315
0.609667
0.744478
0.703047
0.771309
-9.783395
0.967801
0.801914
0.650751
-0.183312
0.397131
-7.579352
-6.212819
-2.587724
0.690703
0.349984
0.447146
0.724883
0.898015
0.648741
-0.230574
0.503557
-6.444598
-2.464283
0.749773
0.880765
