200.000000
200.000000
200.000000
200.000000
200.000000
200.000000
200.000000
200.000000
200.000000
58.000000
200.000000
200.000000
200.000000
200.000000
30.000000
34.000000
200.000000
200.000000
66.000000
200.000000
200.000000
5.000000
200.000000
4.000000
12.000000
21.000000
21.000000
18.000000
13.000000
17.000000
15.000000
34.000000
54.000000
17.000000
23.000000
66.000000
200.000000
200.000000
7.000000
41.000000
160.000000
21.000000
7.000000
200.000000
12.000000
200.000000
12.000000
8.000000
33.000000
4.000000
46.000000
137.000000
200.000000
26.000000
49.000000
86.000000
36.000000
41.000000
200.000000
3.000000
200.000000
18.000000
2.000000
13.000000
12.000000
10.000000
2.000000
22.000000
200.000000
3.000000
4.000000
17.000000
8.000000
9.000000
200.000000
12.000000
6.000000
10.000000
7.000000
200.000000
2.000000
4.000000
7.000000
38.000000
20.000000
200.000000
200.000000
84.000000
9.000000
24.000000
18.000000
5.000000
3.000000
4.000000
33.000000
15.000000
200.000000
116.000000
10.000000
4.000000
