-0.637376
-0.393174
-0.353774
-0.254495
-0.111042
-0.179669
-0.266166
-0.315710
-0.166087
-0.131374
-0.171407
-0.105026
-0.101417
-0.095545
-0.073628
-0.145848
-0.097008
0.062867
-0.067039
-0.203600
-0.191783
-0.036180
-0.077436
-0.060036
-0.048022
-0.013518
-0.064240
-0.041381
0.011116
-0.063845
-0.073572
-0.038395
-0.091209
0.148769
-0.056643
-0.037843
-0.027996
0.047859
-0.005669
-0.092424
-0.029302
-0.067749
0.308619
0.161449
0.002503
0.008497
0.084247
-0.021488
0.049581
0.293786
0.064220
-0.053725
-0.056860
0.023445
0.018466
-0.077316
-0.033777
-0.001634
0.122930
0.189204
0.016543
0.153869
0.021984
0.017779
-0.066656
0.246976
-0.023753
-0.017820
0.004882
-0.033241
-0.017156
0.149937
0.029942
-0.052945
0.118564
0.012410
0.164265
-0.044079
0.301539
0.093793
0.053031
0.100314
0.179596
0.020352
-0.017076
-0.003808
-0.006116
0.109137
-0.011013
0.011039
-0.032628
0.295662
-0.023214
0.143067
0.098173
0.042600
-0.070547
0.063863
0.001600
-0.067496
0.105310
-0.018522
0.143333
-0.029642
0.465311
0.450254
-0.034599
-0.020500
0.093593
0.216740
0.052027
0.052938
0.426663
0.289446
0.161540
0.092477
-0.095860
0.102573
0.040486
0.032430
0.080136
0.215836
0.487696
0.174087
-0.006829
-0.037443
0.175304
0.225518
0.085061
0.039075
0.175273
0.052232
0.040853
0.033827
0.159122
0.195639
0.219476
-0.012750
0.128871
0.165533
0.175169
0.317285
0.199345
0.256462
0.182751
0.062640
0.029973
0.007129
0.267352
0.470821
0.092108
0.141531
0.267333
0.069455
0.303921
0.261728
0.077314
0.086088
0.177277
0.023145
0.040731
0.477930
0.201880
-0.001278
0.074082
0.409556
0.017407
0.109724
0.074014
0.031234
0.073618
0.049106
0.453936
0.065971
0.323777
0.224440
0.017376
0.202044
-0.000441
-0.016616
-0.004270
-0.028678
0.141765
0.049386
0.050480
-0.041770
0.060507
0.021653
-0.042534
0.079073
0.175624
0.052895
0.057372
0.000336
0.142071
0.030172
0.283489
0.300313
0.153714
0.095583
