-127.475267
-78.634701
-70.754745
-50.898957
-22.208306
-35.933805
-53.233202
-63.141957
-33.217420
-26.274806
-34.281388
-21.005258
-20.283497
-19.108974
-14.725560
-29.169691
-19.401552
0.565802
-13.407764
-40.720060
-38.356605
-7.235910
-15.487183
-5.883507
-9.604458
-0.878644
-12.848092
-8.276142
0.188979
-12.769029
-14.714498
-6.987828
-18.241730
0.743846
-11.328686
-7.568570
-1.343824
0.670033
-0.266446
-18.484737
-2.256245
-13.549870
0.925856
0.807247
0.030041
0.135952
0.758223
-1.375205
0.644548
0.881357
0.706421
-10.745036
-11.371904
0.398565
0.387781
-15.463251
-5.809693
-0.047390
0.614652
0.756816
0.363949
0.769345
0.439689
0.266692
-13.331136
0.740927
-2.232782
-0.819708
0.092767
-5.950118
-0.995056
0.899622
0.389250
-10.588901
0.711385
0.297844
0.821326
-8.815738
0.904616
0.750346
0.689397
0.802511
0.897978
0.325625
-1.092895
-0.121872
-0.238522
0.654823
-0.594719
0.264925
-6.525637
0.886987
-3.064289
0.858404
0.785383
0.596395
-14.109481
0.702496
0.054394
-13.499167
0.842482
-1.018711
0.716663
-4.268395
0.930622
0.900509
-6.919882
-1.496472
0.842333
0.866959
0.624319
0.635252
0.853326
0.868337
0.807700
0.832290
-19.171945
0.718010
0.485826
0.486446
0.721220
0.863342
0.975391
0.870436
-0.232186
-7.488640
0.876522
0.902071
0.765552
0.547047
0.876363
0.470085
0.653651
0.507406
0.795609
0.782556
0.877903
-0.586485
0.773227
0.827667
0.875846
0.951856
0.797380
0.769387
0.913757
0.626402
0.509546
0.185341
0.802056
0.941643
0.736867
0.849183
0.801999
0.764008
0.911764
0.785183
0.618509
0.602618
0.886384
0.416603
0.448044
0.955861
0.807522
-0.049861
0.666735
0.819112
0.330731
0.768070
0.666128
0.562203
0.736180
0.589277
0.907872
0.659708
0.971330
0.897759
0.347528
0.808176
-0.017205
-0.847440
-0.175071
-1.663347
0.850589
0.543244
0.757198
-8.354077
0.665574
0.368096
-8.506708
0.632585
0.878122
0.581841
0.745836
0.013117
0.710353
0.452576
0.850467
0.900939
0.768569
0.764661
