200.000000
200.000000
200.000000
200.000000
200.000000
200.000000
200.000000
200.000000
200.000000
200.000000
200.000000
200.000000
200.000000
200.000000
200.000000
200.000000
200.000000
9.000000
200.000000
200.000000
200.000000
200.000000
200.000000
98.000000
200.000000
65.000000
200.000000
200.000000
17.000000
200.000000
200.000000
182.000000
200.000000
5.000000
200.000000
200.000000
48.000000
14.000000
47.000000
200.000000
77.000000
200.000000
3.000000
5.000000
12.000000
16.000000
9.000000
64.000000
13.000000
3.000000
11.000000
200.000000
200.000000
17.000000
21.000000
200.000000
172.000000
29.000000
5.000000
4.000000
22.000000
5.000000
20.000000
15.000000
200.000000
3.000000
94.000000
46.000000
19.000000
179.000000
58.000000
6.000000
13.000000
200.000000
6.000000
24.000000
5.000000
200.000000
3.000000
8.000000
13.000000
8.000000
5.000000
16.000000
64.000000
32.000000
39.000000
6.000000
54.000000
24.000000
200.000000
3.000000
132.000000
6.000000
8.000000
14.000000
200.000000
11.000000
34.000000
200.000000
8.000000
55.000000
5.000000
144.000000
2.000000
2.000000
200.000000
73.000000
9.000000
4.000000
12.000000
12.000000
2.000000
3.000000
5.000000
9.000000
200.000000
7.000000
12.000000
15.000000
9.000000
4.000000
2.000000
5.000000
34.000000
200.000000
5.000000
4.000000
9.000000
14.000000
5.000000
9.000000
16.000000
15.000000
5.000000
4.000000
4.000000
46.000000
6.000000
5.000000
5.000000
3.000000
4.000000
3.000000
5.000000
10.000000
17.000000
26.000000
3.000000
2.000000
8.000000
6.000000
3.000000
11.000000
3.000000
3.000000
8.000000
7.000000
5.000000
18.000000
11.000000
2.000000
4.000000
39.000000
9.000000
2.000000
19.000000
7.000000
9.000000
18.000000
10.000000
12.000000
2.000000
10.000000
3.000000
4.000000
20.000000
4.000000
39.000000
51.000000
41.000000
58.000000
6.000000
11.000000
15.000000
200.000000
11.000000
17.000000
200.000000
8.000000
5.000000
11.000000
13.000000
39.000000
5.000000
15.000000
3.000000
3.000000
5.000000
8.000000
