-0.347574
-0.215925
-0.269284
-0.157492
-0.106398
-0.197208
-0.160562
-0.298569
0.059288
-0.398294
-0.298904
0.005183
-0.225998
-0.061831
-0.084329
-0.102941
-0.221488
-0.006477
-0.048106
0.416732
-0.133863
0.000399
-0.099916
-0.092131
-0.024277
0.163571
-0.048406
-0.120858
-0.009767
-0.015912
0.167614
-0.030656
-0.005674
-0.022891
-0.022423
0.009121
-0.011079
0.005251
-0.038798
0.134672
0.043233
-0.059929
-0.010198
-0.075419
-0.056967
0.027708
-0.052277
0.197069
0.992407
0.060220
-0.006427
0.011374
0.105063
0.052044
-0.057460
-0.013956
-0.051223
0.087630
0.993232
-0.039262
-0.009339
0.001978
-0.055993
-0.010705
0.009306
0.059806
0.311059
0.014488
0.012293
0.051001
-0.021378
0.043851
0.053984
-0.010886
-0.033382
-0.021241
0.059615
0.007064
0.001424
-0.048050
-0.013941
0.007727
-0.017552
0.120665
-0.033571
-0.001817
0.028776
0.083384
0.008566
-0.058548
0.071418
0.181962
0.029511
0.043695
-0.022168
0.184074
0.016762
0.019714
0.437236
0.092690
-0.002642
0.047260
0.003480
0.313113
-0.024824
0.168733
0.038664
-0.013677
0.050516
0.029298
0.066038
0.026278
0.454277
0.135700
0.047201
0.014535
-0.017372
0.028333
0.051470
-0.018886
0.045639
-0.063282
0.029817
0.145779
0.451206
0.482942
0.485035
0.143200
0.485955
0.306363
-0.010914
0.054151
0.308134
0.294261
0.007289
0.040018
0.086142
0.299610
-0.026368
0.199793
0.062830
-0.027371
0.022615
0.004767
0.295756
0.055840
0.450954
0.100595
0.296371
-0.019719
0.012426
0.105651
-0.005879
0.006968
-0.016180
0.021416
0.097910
0.262945
0.128983
-0.018124
0.439665
0.010431
0.050534
0.088666
0.028124
0.303985
0.069907
0.006243
0.001105
0.022299
0.071156
0.071815
0.015394
0.093324
-0.004066
0.137298
0.105547
0.008889
-0.043445
0.017784
0.286522
0.266143
-0.087670
-0.020437
-0.000835
0.072841
0.035738
0.211798
0.149040
0.012736
0.011633
0.035272
-0.021094
-0.025583
0.213215
0.025467
0.025159
0.012703
0.454005
0.000467
0.183805
0.068808
0.060146
0.001280
-0.044635
-0.036364
-0.057984
0.017812
0.172646
0.173126
0.052722
0.011209
0.013691
0.051319
0.058899
0.305000
0.290128
0.092344
-0.012898
0.056868
-0.024896
0.001304
0.454419
0.129526
-0.026170
0.047750
0.227899
0.011385
0.012019
0.461011
0.019915
0.451986
0.178934
0.069315
0.151097
0.104382
0.049240
-0.029022
0.034471
0.462646
0.093542
0.293712
0.446211
0.026549
0.017194
0.017373
0.035950
0.281646
0.071744
0.056582
0.122446
0.070304
0.024146
0.230434
0.011347
-0.036868
0.241231
0.113479
0.450931
0.464582
0.177667
0.468350
0.185578
-0.058032
0.041383
0.031775
0.024003
0.004830
0.446541
0.473166
0.214464
-0.009969
0.008978
-0.007037
0.482947
-0.029450
0.430424
0.116261
0.064618
0.017818
-0.007975
0.018375
0.132776
0.000742
0.056252
0.021855
0.178297
-0.017334
0.014054
0.319381
0.064618
0.023607
-0.020605
0.309880
-0.004892
0.111839
0.007485
0.044631
0.164977
0.055669
0.306350
-0.015323
0.455519
0.005142
0.993650
0.055372
0.079253
0.115871
0.181180
0.099224
0.075301
0.041749
0.009948
0.314252
-0.027340
0.045477
-0.053587
0.085656
0.992975
0.146069
0.070005
0.154866
0.038262
0.059273
0.036489
0.025416
0.309193
0.001515
0.106435
-0.047588
0.045967
0.099701
0.021619
0.059810
0.066488
0.073722
0.039418
0.066889
0.072148
0.066323
0.467870
0.074983
0.054165
0.043954
0.085872
0.129497
0.135953
0.122786
0.135380
0.046923
0.312373
0.443997
0.088245
0.032991
0.095759
0.446540
0.055369
0.271621
0.079908
0.005392
0.994730
0.029745
0.058540
0.079850
0.025805
0.020216
0.224246
0.456698
0.086975
0.284358
0.020016
0.477462
0.309757
0.268544
0.226737
0.480466
0.018329
0.229571
0.037439
0.147283
0.014960
0.028044
0.003903
0.030267
0.057217
0.475440
-0.007500
0.304709
0.424508
0.013867
0.476739
0.231816
0.047712
0.293473
0.048876
0.030340
-0.009331
0.023929
0.010958
0.065079
0.482655
0.125431
0.273660
0.445124
0.466965
0.143316
0.074812
0.041086
-0.024464
-0.012892
0.082440
0.233266
0.042910
0.079231
-0.011347
0.087306
0.030937
0.012975
-0.012338
-0.010659
-0.002161
0.001124
0.108746
0.286262
0.218131
0.066923
0.119373
0.052982
0.482100
0.180251
0.182466
0.303171
0.141380
0.069245
0.027277
0.141404
0.084884
0.032318
0.026118
0.125171
0.318840
0.075388
0.010822
0.015852
0.020672
0.076706
0.061740
0.321105
0.029930
0.227527
0.061915
0.186039
0.491539
0.060279
0.297516
0.094796
0.070683
0.020248
0.298724
0.488693
0.109123
0.035751
0.039602
0.225772
0.032649
0.140703
0.062787
0.311999
0.271929
0.099745
0.487770
0.075087
0.315842
0.064738
-0.019349
0.085026
0.015420
-0.012386
0.088143
0.483463
0.003242
-0.011065
0.078000
0.298817
0.160229
0.486508
-0.005343
0.486018
-0.008610
-0.019257
0.477274
0.093698
0.041657
0.465396
0.235775
-0.013938
0.167628
-0.021235
0.006323
0.063169
