-45.879813
-43.185100
-53.856819
-31.498414
-21.279596
-39.441545
-32.112491
-59.713808
0.652164
-79.658790
-59.780812
0.098481
-45.199530
-12.366198
-16.865718
-20.588167
-44.297522
-0.181342
-3.175005
0.833464
-26.772643
0.009581
-19.983174
-18.426270
-0.776866
0.817856
-9.681283
-24.171616
-0.283229
-0.620555
0.670456
-1.655405
-0.192911
-1.281891
-1.614424
0.191548
-0.642560
0.157541
-1.551904
0.808035
0.389101
-11.985707
-0.407903
-15.083763
-11.393429
0.471044
-10.455426
0.788276
0.992407
0.662423
-0.218529
0.272970
0.735439
0.572483
-11.492023
-0.725701
-5.890655
0.788673
0.993232
-6.713808
-0.382919
0.059353
-11.198593
-0.503136
0.176805
0.657862
0.933178
0.333219
0.270452
0.663014
-1.710214
0.570069
0.539838
-0.315688
-2.837455
-1.168263
0.596154
0.204845
0.042716
-9.609901
-0.794612
0.224096
-1.439268
0.844654
-4.464953
-0.065416
0.431641
0.750460
0.188447
-11.709537
0.571345
0.727848
0.442668
0.524334
-1.485264
0.736294
0.352001
0.473142
0.874472
0.556138
-0.084558
0.567118
0.080043
0.939338
-2.829923
0.506198
0.541290
-0.889021
0.555672
0.498067
0.660384
0.394175
0.908553
0.814199
0.613617
0.363384
-1.111789
0.510002
0.566171
-0.906551
0.593307
-12.656460
0.417444
0.874675
0.902412
0.965883
0.970069
0.859201
0.971911
0.919090
-0.436562
0.541513
0.924403
0.882783
0.196810
0.520230
0.689132
0.898829
-0.817406
0.799171
0.502637
-1.998097
0.361842
0.123949
0.887268
0.614245
0.901908
0.704167
0.889113
-0.946516
0.260938
0.739555
-0.235163
0.181168
-0.631029
0.342654
0.783280
0.788834
0.902880
-0.815588
0.879330
0.281643
0.656937
0.709330
0.562488
0.911955
0.629159
0.156063
0.038667
0.289893
0.711563
0.718147
0.338662
0.746592
-0.117907
0.823787
0.844374
0.240006
-8.688930
0.302326
0.859567
0.798430
-17.533995
-1.328373
-0.022550
0.728406
0.607554
0.847191
0.745201
0.305658
0.209391
0.564360
-2.383656
-4.195677
0.852859
0.509337
0.352223
0.330282
0.908011
0.015862
0.919026
0.688075
0.661607
0.042244
-8.926960
-7.272900
-11.596728
0.320617
0.690584
0.865629
0.685380
0.257818
0.301205
0.513195
0.588993
0.914999
0.870383
0.831093
-0.657808
0.682411
-1.593316
0.052162
0.908838
0.777158
-1.805696
0.573005
0.911596
0.273249
0.336535
0.922023
0.318644
0.903973
0.894672
0.623837
0.604386
0.835058
0.689355
-2.205644
0.482594
0.925292
0.841881
0.881135
0.892422
0.557523
0.464240
0.434317
0.611143
0.844939
0.717438
0.622404
0.734677
0.703039
0.482911
0.921736
0.272324
-7.041789
0.723693
0.794356
0.901863
0.929164
0.888335
0.936700
0.927889
-11.258182
0.620740
0.508403
0.408057
0.115919
0.893082
0.946331
0.857855
-0.608136
0.206505
-0.281486
0.965894
-5.890008
0.860848
0.813830
0.646180
0.374174
-0.374846
0.514506
0.796658
0.037817
0.675025
0.480803
0.891484
-1.109349
0.281081
0.958144
0.710799
0.472143
-1.256885
0.929641
-0.156546
0.894712
0.149699
0.669470
0.824886
0.723702
0.919049
-0.995999
0.911038
0.143975
0.993650
0.719833
0.792534
0.811095
0.905898
0.793789
0.753012
0.542731
0.248702
0.942756
-2.269244
0.500252
-10.717456
0.599593
0.992975
0.876411
0.770059
0.774331
0.650461
0.711277
0.583829
0.432080
0.927579
0.043942
0.745045
-9.374786
0.643544
0.797608
0.518864
0.717718
0.731372
0.737215
0.591277
0.802672
0.721476
0.729552
0.935739
0.824808
0.649974
0.703258
0.772848
0.776983
0.815721
0.859501
0.812282
0.610001
0.937118
0.887994
0.794206
0.560855
0.766071
0.893079
0.719801
0.814864
0.719172
0.177934
0.994730
0.475915
0.761018
0.718648
0.464499
0.444761
0.896984
0.913396
0.869750
0.853073
0.380310
0.954925
0.929271
0.805632
0.906949
0.960932
0.403247
0.918285
0.636465
0.883696
0.388964
0.560883
0.105384
0.605338
0.686610
0.950879
-0.329987
0.914127
0.849016
0.388277
0.953478
0.927264
0.572546
0.880418
0.635384
0.546127
-0.643843
0.430718
0.317781
0.715873
0.965309
0.878020
0.820979
0.890248
0.933931
0.859896
0.748123
0.616295
-3.938656
-0.605913
0.659519
0.933064
0.600743
0.792312
-0.590068
0.785752
0.556865
0.337351
-0.641563
-0.383717
-0.079969
0.038207
0.869966
0.858787
0.654394
0.736157
0.835609
0.688765
0.964199
0.901255
0.912330
0.909512
0.848279
0.692448
0.436434
0.848426
0.763953
0.549410
0.444001
0.876198
0.956519
0.678492
0.303022
0.253630
0.516809
0.690351
0.679136
0.963316
0.568666
0.910107
0.681065
0.930193
0.983078
0.723354
0.892548
0.853167
0.706827
0.404955
0.896172
0.977387
0.763863
0.607769
0.594026
0.903087
0.620322
0.844218
0.690653
0.935998
0.815788
0.797959
0.975540
0.825953
0.947526
0.647380
-0.967426
0.765232
0.292977
-0.854665
0.793284
0.966925
0.084280
-0.774518
0.780003
0.896450
0.801143
0.973017
-0.251139
0.972036
-0.258301
-1.039870
0.954549
0.749588
0.624854
0.930792
0.707326
-1.128975
0.838140
-1.422744
0.202327
0.758032
